### results saved in /content/drive/MyDrive/Code-to-Github/BFI-GoogleColab-202502/InputData-ForceInference/Vertex/VDat_140408-T001.dat 
### mu=   5.690103e-01 
# edge tension : edge_id, inf.tension, - -, (x1 y2), (x2 y2) 
  0   1.137981e+00 - -    (57.000 -112.000) (39.000 -114.000) 
  1   1.062750e+00 - -    (416.000 -153.000) (404.000 -166.000) 
  2   9.992937e-01 - -    (773.000 -152.000) (762.000 -160.000) 
  3   8.529784e-01 - -    (88.000 -152.000) (87.000 -162.000) 
  4   9.244214e-01 - -    (661.000 -151.000) (658.000 -164.000) 
  5   8.790851e-01 - -    (389.000 -151.000) (386.000 -160.000) 
  6   1.177383e+00 - -    (993.000 -150.000) (1015.000 -151.000) 
  7   1.158400e+00 - -    (528.000 -150.000) (544.000 -158.000) 
  8   7.900428e-01 - -    (865.000 -149.000) (863.000 -157.000) 
  9   8.956483e-01 - -    (564.000 -148.000) (546.000 -158.000) 
 10   9.579298e-01 - -    (189.000 -146.000) (195.000 -158.000) 
 11   7.523351e-01 - -    (118.000 -145.000) (118.000 -163.000) 
 12   1.193187e+00 - -    (43.000 -143.000) (23.000 -151.000) 
 13   1.213972e+00 - -    (1007.000 -132.000) (994.000 -133.000) 
 14   9.953241e-01 - -    (34.000 -125.000) (46.000 -134.000) 
 15   8.145604e-01 - -    (512.000 -154.000) (514.000 -166.000) 
 16   1.098946e+00 - -    (1002.000 -110.000) (987.000 -116.000) 
 17   1.090828e+00 - -    (995.000 -97.000) (981.000 -98.000) 
 18   1.347953e+00 - -    (40.000 -93.000) (49.000 -93.000) 
 19   1.077762e+00 - -    (985.000 -78.000) (994.000 -79.000) 
 20   9.064274e-01 - -    (54.000 -66.000) (35.000 -74.000) 
 21   1.228860e+00 - -    (34.000 -58.000) (47.000 -58.000) 
 22   1.192954e+00 - -    (999.000 -57.000) (1007.000 -57.000) 
 23   1.088292e+00 - -    (997.000 -41.000) (992.000 -45.000) 
 24   1.221079e+00 - -    (48.000 -39.000) (29.000 -43.000) 
 25   1.237247e+00 - -    (986.000 -27.000) (977.000 -29.000) 
 26   1.016852e+00 - -    (40.000 -21.000) (55.000 -26.000) 
 27   1.055332e+00 - -    (585.000 -20.000) (585.000 -27.000) 
 28   1.027452e+00 - -    (372.000 -20.000) (377.000 -27.000) 
 29   9.645270e-01 - -    (931.000 -19.000) (932.000 -28.000) 
 30   1.065172e+00 - -    (356.000 -157.000) (370.000 -164.000) 
 31   8.323843e-01 - -    (50.000 -165.000) (50.000 -166.000) 
 32   9.278137e-01 - -    (227.000 -164.000) (227.000 -169.000) 
 33   8.236650e-01 - -    (710.000 -162.000) (710.000 -170.000) 
 34   1.170879e+00 - -    (988.000 -161.000) (1003.000 -169.000) 
 35   7.683343e-01 - -    (974.000 -161.000) (966.000 -172.000) 
 36   1.073803e+00 - -    (610.000 -161.000) (608.000 -168.000) 
 37   1.105719e+00 - -    (684.000 -160.000) (672.000 -168.000) 
 38   8.623846e-01 - -    (346.000 -160.000) (344.000 -173.000) 
 39   1.205099e+00 - -    (27.000 -160.000) (35.000 -160.000) 
 40   9.635437e-01 - -    (628.000 -159.000) (641.000 -166.000) 
 41   1.016880e+00 - -    (437.000 -159.000) (437.000 -164.000) 
 42   1.226325e+00 - -    (216.000 -159.000) (196.000 -160.000) 
 43   8.280877e-01 - -    (488.000 -158.000) (491.000 -171.000) 
 44   9.044386e-01 - -    (472.000 -158.000) (457.000 -170.000) 
 45   9.627984e-01 - -    (802.000 -5.000) (799.000 -19.000) 
 46   7.313963e-01 - -    (320.000 -157.000) (318.000 -174.000) 
 47   1.030168e+00 - -    (290.000 -157.000) (275.000 -166.000) 
 48   9.439969e-01 - -    (144.000 -157.000) (134.000 -165.000) 
 49   7.823805e-01 - -    (917.000 -156.000) (920.000 -166.000) 
 50   9.236825e-01 - -    (793.000 -156.000) (799.000 -165.000) 
 51   1.132003e+00 - -    (739.000 -156.000) (743.000 -161.000) 
 52   6.644739e-01 - -    (303.000 -156.000) (296.000 -172.000) 
 53   7.475615e-01 - -    (950.000 -155.000) (941.000 -168.000) 
 54   1.152153e+00 - -    (895.000 -155.000) (890.000 -159.000) 
 55   8.439503e-01 - -    (581.000 -155.000) (573.000 -166.000) 
 56   1.022662e+00 - -    (261.000 -155.000) (261.000 -162.000) 
 57   9.281984e-01 - -    (160.000 -155.000) (169.000 -162.000) 
 58   9.226484e-01 - -    (831.000 -154.000) (831.000 -155.000) 
 59   1.186219e+00 - -    (945.000 -14.000) (950.000 -24.000) 
 60   7.514843e-01 - -    (240.000 -12.000) (237.000 -22.000) 
 61   1.087510e+00 - -    (439.000 -12.000) (430.000 -20.000) 
 62   8.888777e-01 - -    (471.000 -12.000) (459.000 -24.000) 
 63   1.100936e+00 - -    (679.000 -12.000) (689.000 -17.000) 
 64   9.437251e-01 - -    (447.000 -13.000) (453.000 -23.000) 
 65   8.983276e-01 - -    (476.000 -13.000) (484.000 -26.000) 
 66   7.251049e-01 - -    (631.000 -13.000) (635.000 -22.000) 
 67   1.262910e+00 - -    (654.000 -13.000) (647.000 -22.000) 
 68   1.015027e+00 - -    (671.000 -13.000) (667.000 -25.000) 
 69   1.002758e+00 - -    (398.000 -17.000) (398.000 -20.000) 
 70   9.082428e-01 - -    (914.000 -14.000) (906.000 -23.000) 
 71   1.066344e+00 - -    (324.000 -18.000) (314.000 -29.000) 
 72   9.809852e-01 - -    (132.000 -15.000) (123.000 -23.000) 
 73   8.921478e-01 - -    (287.000 -15.000) (283.000 -24.000) 
 74   9.932843e-01 - -    (305.000 -15.000) (307.000 -27.000) 
 75   9.386499e-01 - -    (359.000 -17.000) (352.000 -29.000) 
 76   9.038529e-01 - -    (967.000 -16.000) (964.000 -22.000) 
 77   1.103403e+00 - -    (739.000 -15.000) (752.000 -23.000) 
 78   1.151792e+00 - -    (861.000 -15.000) (860.000 -17.000) 
 79   1.081749e+00 - -    (332.000 -18.000) (341.000 -30.000) 
 80   9.977841e-01 - -    (169.000 -16.000) (184.000 -25.000) 
 81   8.382684e-01 - -    (610.000 -17.000) (610.000 -22.000) 
 82   8.990516e-01 - -    (886.000 -16.000) (889.000 -24.000) 
 83   9.600102e-01 - -    (216.000 -12.000) (215.000 -17.000) 
 84   9.164082e-01 - -    (62.000 -4.000) (69.000 -17.000) 
 85   9.940389e-01 - -    (820.000 -5.000) (816.000 -20.000) 
 86   8.724962e-01 - -    (193.000 -7.000) (195.000 -20.000) 
 87   7.364671e-01 - -    (418.000 -7.000) (427.000 -20.000) 
 88   8.550946e-01 - -    (706.000 -8.000) (705.000 -14.000) 
 89   7.905926e-01 - -    (765.000 -8.000) (762.000 -20.000) 
 90   9.429686e-01 - -    (782.000 -8.000) (783.000 -17.000) 
 91   9.947094e-01 - -    (517.000 -9.000) (517.000 -19.000) 
 92   1.145152e+00 - -    (839.000 -9.000) (839.000 -18.000) 
 93   1.025667e+00 - -    (87.000 -10.000) (82.000 -17.000) 
 94   1.035384e+00 - -    (727.000 -17.000) (727.000 -18.000) 
 95   8.049697e-01 - -    (157.000 -18.000) (152.000 -30.000) 
 96   8.464601e-01 - -    (262.000 -10.000) (263.000 -23.000) 
 97   8.470166e-01 - -    (536.000 -11.000) (535.000 -22.000) 
 98   1.073401e+00 - -    (499.000 -11.000) (499.000 -18.000) 
 99   9.639723e-01 - -    (559.000 -18.000) (558.000 -23.000) 
100   1.112651e+00 - -    (109.000 -11.000) (106.000 -22.000) 
101   8.036255e-01 - -    (981.000 -98.000) (974.000 -112.000) 
102   7.735617e-01 - -    (332.000 -105.000) (325.000 -122.000) 
103   1.169780e+00 - -    (552.000 -107.000) (536.000 -112.000) 
104   7.216083e-01 - -    (264.000 -107.000) (272.000 -120.000) 
105   9.423124e-01 - -    (206.000 -105.000) (236.000 -110.000) 
106   1.158253e+00 - -    (206.000 -105.000) (196.000 -109.000) 
107   1.285353e+00 - -    (249.000 -106.000) (264.000 -107.000) 
108   9.345153e-01 - -    (453.000 -107.000) (429.000 -111.000) 
109   7.453039e-01 - -    (950.000 -104.000) (963.000 -114.000) 
110   9.237671e-01 - -    (384.000 -107.000) (399.000 -116.000) 
111   1.114031e+00 - -    (384.000 -107.000) (361.000 -111.000) 
112   1.370272e+00 - -    (249.000 -106.000) (236.000 -110.000) 
113   1.256597e+00 - -    (524.000 -106.000) (536.000 -112.000) 
114   1.270909e+00 - -    (524.000 -106.000) (509.000 -108.000) 
115   9.078916e-01 - -    (453.000 -107.000) (460.000 -116.000) 
116   1.126467e+00 - -    (552.000 -107.000) (569.000 -110.000) 
117   8.325062e-01 - -    (654.000 -106.000) (625.000 -110.000) 
118   1.014809e+00 - -    (654.000 -106.000) (662.000 -110.000) 
119   1.138778e+00 - -    (852.000 -106.000) (863.000 -108.000) 
120   1.030227e+00 - -    (178.000 -107.000) (162.000 -118.000) 
121   1.209045e+00 - -    (852.000 -106.000) (837.000 -114.000) 
122   8.352494e-01 - -    (114.000 -107.000) (141.000 -107.000) 
123   1.115541e+00 - -    (114.000 -107.000) (110.000 -112.000) 
124   6.681007e-01 - -    (141.000 -107.000) (149.000 -118.000) 
125   1.356799e+00 - -    (178.000 -107.000) (196.000 -109.000) 
126   7.375266e-01 - -    (591.000 -101.000) (591.000 -104.000) 
127   1.154460e+00 - -    (149.000 -118.000) (133.000 -127.000) 
128   1.229689e+00 - -    (682.000 -99.000) (694.000 -103.000) 
129   1.042453e+00 - -    (682.000 -99.000) (662.000 -110.000) 
130   1.171290e+00 - -    (779.000 -99.000) (795.000 -100.000) 
131   9.840871e-01 - -    (779.000 -99.000) (766.000 -109.000) 
132   1.057858e+00 - -    (286.000 -100.000) (264.000 -107.000) 
133   1.127115e+00 - -    (286.000 -100.000) (300.000 -104.000) 
134   7.975393e-01 - -    (456.000 -100.000) (453.000 -107.000) 
135   1.151787e+00 - -    (702.000 -100.000) (694.000 -103.000) 
136   1.041457e+00 - -    (702.000 -100.000) (724.000 -102.000) 
137   8.269846e-01 - -    (795.000 -100.000) (798.000 -109.000) 
138   1.347777e+00 - -    (81.000 -101.000) (65.000 -103.000) 
139   1.010192e+00 - -    (81.000 -101.000) (94.000 -112.000) 
140   1.142594e+00 - -    (320.000 -101.000) (300.000 -104.000) 
141   1.124281e+00 - -    (320.000 -101.000) (332.000 -105.000) 
142   8.124315e-01 - -    (950.000 -104.000) (930.000 -110.000) 
143   8.410237e-01 - -    (852.000 -101.000) (852.000 -106.000) 
144   6.652744e-01 - -    (724.000 -102.000) (726.000 -110.000) 
145   8.491141e-01 - -    (65.000 -103.000) (57.000 -112.000) 
146   1.270568e+00 - -    (349.000 -103.000) (332.000 -105.000) 
147   1.208580e+00 - -    (349.000 -103.000) (361.000 -111.000) 
148   1.131821e+00 - -    (499.000 -103.000) (483.000 -104.000) 
149   1.016963e+00 - -    (499.000 -103.000) (509.000 -108.000) 
150   7.923996e-01 - -    (694.000 -103.000) (695.000 -115.000) 
151   9.020567e-01 - -    (880.000 -103.000) (863.000 -108.000) 
152   8.063515e-01 - -    (880.000 -103.000) (903.000 -109.000) 
153   7.260077e-01 - -    (300.000 -104.000) (297.000 -119.000) 
154   8.066209e-01 - -    (483.000 -104.000) (474.000 -113.000) 
155   9.109104e-01 - -    (591.000 -104.000) (569.000 -110.000) 
156   1.006069e+00 - -    (591.000 -104.000) (603.000 -111.000) 
157   1.186558e+00 - -    (695.000 -115.000) (704.000 -118.000) 
158   9.263805e-01 - -    (110.000 -112.000) (121.000 -128.000) 
159   9.360280e-01 - -    (536.000 -112.000) (536.000 -117.000) 
160   5.334668e-01 - -    (739.000 -112.000) (737.000 -126.000) 
161   4.034176e-01 - -    (903.000 -112.000) (930.000 -112.000) 
162   1.006747e+00 - -    (903.000 -112.000) (903.000 -117.000) 
163   9.623017e-01 - -    (930.000 -112.000) (937.000 -124.000) 
164   1.308266e+00 - -    (974.000 -112.000) (963.000 -114.000) 
165   9.981013e-01 - -    (974.000 -112.000) (987.000 -116.000) 
166   1.306044e+00 - -    (474.000 -113.000) (460.000 -116.000) 
167   8.511152e-01 - -    (474.000 -113.000) (483.000 -119.000) 
168   8.060286e-01 - -    (772.000 -114.000) (774.000 -123.000) 
169   8.042985e-01 - -    (837.000 -114.000) (837.000 -121.000) 
170   1.031081e+00 - -    (963.000 -114.000) (956.000 -121.000) 
171   1.090082e+00 - -    (662.000 -115.000) (674.000 -119.000) 
172   1.174073e+00 - -    (662.000 -115.000) (648.000 -122.000) 
173   1.068953e+00 - -    (94.000 -112.000) (90.000 -118.000) 
174   1.157146e+00 - -    (695.000 -115.000) (674.000 -119.000) 
175   1.449909e+00 - -    (399.000 -116.000) (400.000 -116.000) 
176   8.883080e-01 - -    (399.000 -116.000) (386.000 -124.000) 
177   9.037306e-01 - -    (400.000 -116.000) (428.000 -125.000) 
178   1.371771e+00 - -    (460.000 -116.000) (456.000 -121.000) 
179   7.064823e-01 - -    (987.000 -116.000) (984.000 -129.000) 
180   9.715170e-01 - -    (536.000 -117.000) (510.000 -123.000) 
181   1.082595e+00 - -    (536.000 -117.000) (549.000 -127.000) 
182   8.796780e-01 - -    (903.000 -117.000) (881.000 -123.000) 
183   1.046717e+00 - -    (903.000 -117.000) (910.000 -130.000) 
184   1.020360e+00 - -    (90.000 -118.000) (68.000 -120.000) 
185   8.254361e-01 - -    (90.000 -118.000) (89.000 -133.000) 
186   1.309835e+00 - -    (149.000 -118.000) (162.000 -118.000) 
187   1.033126e+00 - -    (551.000 -81.000) (562.000 -84.000) 
188   1.050604e+00 - -    (410.000 -110.000) (428.000 -110.000) 
189   1.067985e+00 - -    (754.000 -107.000) (739.000 -112.000) 
190   8.301461e-01 - -    (509.000 -108.000) (505.000 -118.000) 
191   1.297764e+00 - -    (818.000 -108.000) (802.000 -111.000) 
192   9.991483e-01 - -    (818.000 -108.000) (837.000 -114.000) 
193   4.861300e-01 - -    (863.000 -108.000) (867.000 -120.000) 
194   8.139089e-01 - -    (196.000 -109.000) (202.000 -121.000) 
195   1.181117e+00 - -    (624.000 -109.000) (603.000 -111.000) 
196   1.210060e+00 - -    (624.000 -109.000) (625.000 -110.000) 
197   1.066995e+00 - -    (766.000 -109.000) (772.000 -114.000) 
198   8.313667e-01 - -    (798.000 -109.000) (772.000 -114.000) 
199   1.226246e+00 - -    (798.000 -109.000) (802.000 -111.000) 
200   1.075916e+00 - -    (903.000 -109.000) (903.000 -112.000) 
201   8.947637e-01 - -    (236.000 -110.000) (231.000 -118.000) 
202   8.735365e-01 - -    (410.000 -110.000) (400.000 -116.000) 
203   1.477401e+00 - -    (754.000 -107.000) (766.000 -109.000) 
204   1.046420e+00 - -    (428.000 -110.000) (429.000 -111.000) 
205   7.820614e-01 - -    (569.000 -110.000) (574.000 -119.000) 
206   7.500299e-01 - -    (625.000 -110.000) (628.000 -121.000) 
207   9.978804e-01 - -    (662.000 -110.000) (662.000 -115.000) 
208   1.120724e+00 - -    (726.000 -110.000) (739.000 -112.000) 
209   1.137119e+00 - -    (726.000 -110.000) (704.000 -118.000) 
210   9.879999e-01 - -    (930.000 -110.000) (930.000 -112.000) 
211   1.081244e+00 - -    (689.000 -17.000) (688.000 -24.000) 
212   9.259116e-01 - -    (361.000 -111.000) (359.000 -122.000) 
213   9.122023e-01 - -    (429.000 -111.000) (431.000 -123.000) 
214   7.659532e-01 - -    (603.000 -111.000) (596.000 -118.000) 
215   8.532848e-01 - -    (802.000 -111.000) (801.000 -121.000) 
216   8.329222e-01 - -    (57.000 -112.000) (68.000 -120.000) 
217   1.141769e+00 - -    (94.000 -112.000) (110.000 -112.000) 
218   9.796680e-01 - -    (492.000 -87.000) (475.000 -93.000) 
219   1.091201e+00 - -    (229.000 -85.000) (249.000 -90.000) 
220   1.148988e+00 - -    (229.000 -85.000) (211.000 -92.000) 
221   1.009552e+00 - -    (344.000 -85.000) (320.000 -89.000) 
222   1.096859e+00 - -    (344.000 -85.000) (353.000 -90.000) 
223   1.416130e+00 - -    (894.000 -85.000) (890.000 -86.000) 
224   8.821906e-01 - -    (894.000 -85.000) (911.000 -89.000) 
225   1.045875e+00 - -    (173.000 -86.000) (165.000 -94.000) 
226   1.090121e+00 - -    (258.000 -86.000) (249.000 -90.000) 
227   8.891671e-01 - -    (258.000 -86.000) (285.000 -92.000) 
228   7.216480e-01 - -    (448.000 -86.000) (443.000 -93.000) 
229   9.549742e-01 - -    (689.000 -86.000) (704.000 -88.000) 
230   1.158853e+00 - -    (689.000 -86.000) (680.000 -93.000) 
231   7.669729e-01 - -    (805.000 -86.000) (804.000 -94.000) 
232   1.212012e+00 - -    (890.000 -86.000) (880.000 -96.000) 
233   1.017042e+00 - -    (289.000 -87.000) (285.000 -92.000) 
234   8.960476e-01 - -    (193.000 -85.000) (211.000 -92.000) 
235   1.204077e+00 - -    (492.000 -87.000) (496.000 -87.000) 
236   9.098337e-01 - -    (496.000 -87.000) (502.000 -93.000) 
237   1.147559e+00 - -    (372.000 -88.000) (353.000 -90.000) 
238   9.757247e-01 - -    (372.000 -88.000) (387.000 -98.000) 
239   1.213195e+00 - -    (538.000 -88.000) (527.000 -91.000) 
240   1.235598e+00 - -    (538.000 -88.000) (552.000 -95.000) 
241   7.398278e-01 - -    (704.000 -88.000) (702.000 -100.000) 
242   8.879608e-01 - -    (859.000 -88.000) (861.000 -95.000) 
243   1.015691e+00 - -    (938.000 -88.000) (924.000 -96.000) 
244   9.632315e-01 - -    (938.000 -88.000) (956.000 -95.000) 
245   6.421465e-01 - -    (320.000 -89.000) (320.000 -101.000) 
246   1.366983e+00 - -    (406.000 -89.000) (409.000 -89.000) 
247   9.731920e-01 - -    (406.000 -89.000) (387.000 -98.000) 
248   8.447531e-01 - -    (409.000 -89.000) (412.000 -94.000) 
249   9.522349e-01 - -    (513.000 -83.000) (518.000 -90.000) 
250   9.481374e-01 - -    (78.000 -81.000) (61.000 -84.000) 
251   1.016963e+00 - -    (593.000 -81.000) (612.000 -84.000) 
252   1.014741e+00 - -    (593.000 -81.000) (578.000 -93.000) 
253   8.240300e-01 - -    (689.000 -81.000) (689.000 -86.000) 
254   1.092079e+00 - -    (793.000 -81.000) (776.000 -84.000) 
255   1.063206e+00 - -    (793.000 -81.000) (805.000 -86.000) 
256   8.598657e-01 - -    (866.000 -81.000) (859.000 -88.000) 
257   1.091290e+00 - -    (418.000 -82.000) (441.000 -82.000) 
258   1.170824e+00 - -    (418.000 -82.000) (409.000 -89.000) 
259   8.376962e-01 - -    (441.000 -82.000) (448.000 -86.000) 
260   9.803265e-01 - -    (724.000 -82.000) (723.000 -84.000) 
261   1.014684e+00 - -    (938.000 -82.000) (938.000 -88.000) 
262   1.227790e+00 - -    (464.000 -83.000) (448.000 -86.000) 
263   9.429280e-01 - -    (464.000 -83.000) (475.000 -93.000) 
264   8.385150e-01 - -    (513.000 -83.000) (496.000 -87.000) 
265   1.309241e+00 - -    (640.000 -89.000) (652.000 -92.000) 
266   1.452391e+00 - -    (834.000 -83.000) (830.000 -84.000) 
267   8.394437e-01 - -    (834.000 -83.000) (859.000 -88.000) 
268   1.029882e+00 - -    (61.000 -84.000) (49.000 -93.000) 
269   1.199057e+00 - -    (311.000 -84.000) (289.000 -87.000) 
270   1.102422e+00 - -    (311.000 -84.000) (320.000 -89.000) 
271   9.471495e-01 - -    (538.000 -84.000) (538.000 -88.000) 
272   7.368919e-01 - -    (562.000 -84.000) (563.000 -91.000) 
273   8.422205e-01 - -    (612.000 -84.000) (613.000 -90.000) 
274   1.133495e+00 - -    (723.000 -84.000) (704.000 -88.000) 
275   1.020118e+00 - -    (723.000 -84.000) (732.000 -96.000) 
276   1.121093e+00 - -    (776.000 -84.000) (774.000 -89.000) 
277   1.006639e+00 - -    (830.000 -84.000) (824.000 -93.000) 
278   9.877941e-01 - -    (970.000 -84.000) (969.000 -90.000) 
279   1.158629e+00 - -    (193.000 -85.000) (173.000 -86.000) 
280   1.086265e+00 - -    (861.000 -95.000) (880.000 -96.000) 
281   6.717014e-01 - -    (502.000 -93.000) (499.000 -103.000) 
282   9.849919e-01 - -    (578.000 -93.000) (591.000 -101.000) 
283   9.732287e-01 - -    (628.000 -93.000) (624.000 -109.000) 
284   9.089169e-01 - -    (680.000 -93.000) (682.000 -99.000) 
285   9.345039e-01 - -    (824.000 -93.000) (804.000 -94.000) 
286   8.344204e-01 - -    (824.000 -93.000) (826.000 -98.000) 
287   9.127116e-01 - -    (86.000 -94.000) (81.000 -101.000) 
288   1.343212e+00 - -    (165.000 -94.000) (154.000 -96.000) 
289   8.467953e-01 - -    (165.000 -94.000) (178.000 -107.000) 
290   1.120520e+00 - -    (412.000 -94.000) (429.000 -95.000) 
291   1.001505e+00 - -    (412.000 -94.000) (410.000 -110.000) 
292   1.177943e+00 - -    (804.000 -94.000) (795.000 -100.000) 
293   1.025138e+00 - -    (429.000 -95.000) (428.000 -110.000) 
294   7.774817e-01 - -    (552.000 -95.000) (552.000 -107.000) 
295   1.081248e+00 - -    (861.000 -95.000) (852.000 -101.000) 
296   9.651804e-01 - -    (475.000 -93.000) (474.000 -97.000) 
297   9.909413e-01 - -    (912.000 -95.000) (924.000 -96.000) 
298   1.185156e+00 - -    (912.000 -95.000) (903.000 -109.000) 
299   7.958534e-01 - -    (956.000 -95.000) (950.000 -104.000) 
300   7.889923e-01 - -    (154.000 -96.000) (141.000 -107.000) 
301   1.204221e+00 - -    (732.000 -96.000) (748.000 -98.000) 
302   1.038796e+00 - -    (732.000 -96.000) (724.000 -102.000) 
303   7.892909e-01 - -    (880.000 -96.000) (880.000 -103.000) 
304   8.796773e-01 - -    (924.000 -96.000) (930.000 -110.000) 
305   8.420972e-01 - -    (116.000 -97.000) (114.000 -107.000) 
306   1.133841e+00 - -    (474.000 -97.000) (456.000 -100.000) 
307   1.008388e+00 - -    (474.000 -97.000) (483.000 -104.000) 
308   8.402501e-01 - -    (387.000 -98.000) (384.000 -107.000) 
309   9.472276e-01 - -    (748.000 -98.000) (754.000 -107.000) 
310   9.715093e-01 - -    (826.000 -98.000) (852.000 -101.000) 
311   1.096261e+00 - -    (659.000 -90.000) (680.000 -93.000) 
312   1.250405e+00 - -    (640.000 -89.000) (628.000 -93.000) 
313   9.711131e-01 - -    (757.000 -89.000) (774.000 -89.000) 
314   9.804414e-01 - -    (757.000 -89.000) (748.000 -98.000) 
315   9.716138e-01 - -    (774.000 -89.000) (779.000 -99.000) 
316   9.606070e-01 - -    (911.000 -89.000) (912.000 -95.000) 
317   1.162116e+00 - -    (132.000 -90.000) (116.000 -97.000) 
318   8.637176e-01 - -    (132.000 -90.000) (154.000 -96.000) 
319   6.486390e-01 - -    (249.000 -90.000) (249.000 -106.000) 
320   8.201869e-01 - -    (353.000 -90.000) (349.000 -103.000) 
321   1.161262e+00 - -    (518.000 -90.000) (527.000 -91.000) 
322   9.521854e-01 - -    (518.000 -90.000) (502.000 -93.000) 
323   9.824368e-01 - -    (613.000 -90.000) (628.000 -93.000) 
324   1.088302e+00 - -    (613.000 -90.000) (591.000 -101.000) 
325   1.208810e+00 - -    (659.000 -90.000) (652.000 -92.000) 
326   9.049718e-01 - -    (826.000 -98.000) (818.000 -108.000) 
327   1.254934e+00 - -    (969.000 -90.000) (956.000 -95.000) 
328   1.028224e+00 - -    (969.000 -90.000) (981.000 -98.000) 
329   6.362285e-01 - -    (527.000 -91.000) (524.000 -106.000) 
330   1.123920e+00 - -    (563.000 -91.000) (552.000 -95.000) 
331   1.232701e+00 - -    (563.000 -91.000) (578.000 -93.000) 
332   1.108244e+00 - -    (105.000 -92.000) (86.000 -94.000) 
333   9.018790e-01 - -    (105.000 -92.000) (116.000 -97.000) 
334   6.784767e-01 - -    (211.000 -92.000) (206.000 -105.000) 
335   8.252428e-01 - -    (285.000 -92.000) (286.000 -100.000) 
336   8.042239e-01 - -    (652.000 -92.000) (654.000 -106.000) 
337   1.203169e+00 - -    (783.000 -17.000) (776.000 -22.000) 
338   8.284961e-01 - -    (49.000 -93.000) (65.000 -103.000) 
339   1.139579e+00 - -    (443.000 -93.000) (429.000 -95.000) 
340   1.043541e+00 - -    (443.000 -93.000) (456.000 -100.000) 
341   1.192376e+00 - -    (215.000 -17.000) (204.000 -21.000) 
342   1.273266e+00 - -    (719.000 -143.000) (698.000 -144.000) 
343   1.278979e+00 - -    (719.000 -143.000) (721.000 -143.000) 
344   3.130254e-01 - -    (719.000 -143.000) (717.000 -158.000) 
345   1.129017e+00 - -    (721.000 -143.000) (739.000 -146.000) 
346   1.118010e+00 - -    (754.000 -143.000) (739.000 -146.000) 
347   1.052047e+00 - -    (754.000 -143.000) (770.000 -144.000) 
348   6.767809e-01 - -    (335.000 -144.000) (332.000 -155.000) 
349   8.609967e-01 - -    (698.000 -144.000) (682.000 -152.000) 
350   8.474357e-01 - -    (770.000 -144.000) (773.000 -152.000) 
351   1.495109e+00 - -    (843.000 -144.000) (845.000 -144.000) 
352   9.604733e-01 - -    (843.000 -144.000) (831.000 -154.000) 
353   1.044311e+00 - -    (845.000 -144.000) (865.000 -149.000) 
354   9.898313e-01 - -    (968.000 -144.000) (988.000 -145.000) 
355   8.826045e-01 - -    (968.000 -144.000) (962.000 -154.000) 
356   1.169974e+00 - -    (118.000 -145.000) (133.000 -145.000) 
357   1.235274e+00 - -    (112.000 -143.000) (118.000 -145.000) 
358   1.024781e+00 - -    (133.000 -145.000) (144.000 -157.000) 
359   8.560460e-01 - -    (930.000 -145.000) (931.000 -150.000) 
360   9.948086e-01 - -    (988.000 -145.000) (993.000 -150.000) 
361   1.286984e+00 - -    (56.000 -146.000) (66.000 -146.000) 
362   6.054483e-01 - -    (56.000 -146.000) (35.000 -160.000) 
363   8.614074e-01 - -    (66.000 -146.000) (70.000 -151.000) 
364   1.247869e+00 - -    (189.000 -146.000) (165.000 -148.000) 
365   9.034327e-01 - -    (82.000 -17.000) (88.000 -23.000) 
366   1.126825e+00 - -    (226.000 -146.000) (245.000 -146.000) 
367   6.829628e-01 - -    (226.000 -146.000) (216.000 -159.000) 
368   1.077438e+00 - -    (245.000 -146.000) (253.000 -148.000) 
369   1.191758e+00 - -    (380.000 -146.000) (359.000 -147.000) 
370   9.133029e-01 - -    (380.000 -146.000) (389.000 -151.000) 
371   1.129636e+00 - -    (411.000 -146.000) (389.000 -151.000) 
372   8.445591e-01 - -    (440.000 -139.000) (415.000 -148.000) 
373   1.151884e+00 - -    (155.000 -138.000) (138.000 -139.000) 
374   8.270071e-01 - -    (155.000 -138.000) (165.000 -148.000) 
375   1.256805e+00 - -    (198.000 -138.000) (215.000 -139.000) 
376   1.122001e+00 - -    (198.000 -138.000) (189.000 -146.000) 
377   1.159295e+00 - -    (272.000 -138.000) (286.000 -140.000) 
378   1.066156e+00 - -    (272.000 -138.000) (253.000 -148.000) 
379   1.352543e+00 - -    (295.000 -138.000) (286.000 -140.000) 
380   9.847500e-01 - -    (295.000 -138.000) (314.000 -142.000) 
381   8.481248e-01 - -    (905.000 -138.000) (930.000 -145.000) 
382   1.250445e+00 - -    (905.000 -138.000) (893.000 -149.000) 
383   9.397451e-01 - -    (138.000 -139.000) (133.000 -145.000) 
384   8.505756e-01 - -    (215.000 -139.000) (226.000 -146.000) 
385   1.214485e+00 - -    (327.000 -139.000) (314.000 -142.000) 
386   1.068697e+00 - -    (327.000 -139.000) (335.000 -144.000) 
387   1.068619e+00 - -    (411.000 -146.000) (415.000 -148.000) 
388   1.036858e+00 - -    (440.000 -139.000) (445.000 -151.000) 
389   7.516519e-01 - -    (529.000 -139.000) (528.000 -150.000) 
390   6.637248e-01 - -    (286.000 -140.000) (280.000 -148.000) 
391   7.455795e-01 - -    (493.000 -140.000) (497.000 -152.000) 
392   7.797488e-01 - -    (804.000 -140.000) (807.000 -148.000) 
393   1.272071e+00 - -    (623.000 -141.000) (632.000 -142.000) 
394   1.221014e+00 - -    (623.000 -141.000) (608.000 -146.000) 
395   5.616699e-01 - -    (314.000 -142.000) (307.000 -155.000) 
396   1.109890e+00 - -    (355.000 -142.000) (335.000 -144.000) 
397   1.141315e+00 - -    (355.000 -142.000) (359.000 -147.000) 
398   8.046059e-01 - -    (632.000 -142.000) (636.000 -148.000) 
399   1.069487e+00 - -    (215.000 -17.000) (226.000 -23.000) 
400   7.936107e-01 - -    (43.000 -143.000) (56.000 -146.000) 
401   1.204094e+00 - -    (112.000 -143.000) (88.000 -152.000) 
402   1.148099e+00 - -    (307.000 -155.000) (320.000 -157.000) 
403   1.237489e+00 - -    (497.000 -152.000) (512.000 -154.000) 
404   1.292988e+00 - -    (497.000 -152.000) (488.000 -158.000) 
405   9.176965e-01 - -    (682.000 -152.000) (684.000 -160.000) 
406   1.264210e+00 - -    (773.000 -152.000) (793.000 -156.000) 
407   1.089938e+00 - -    (253.000 -153.000) (227.000 -164.000) 
408   1.044753e+00 - -    (253.000 -153.000) (261.000 -155.000) 
409   1.119457e+00 - -    (416.000 -153.000) (437.000 -159.000) 
410   1.255298e+00 - -    (604.000 -153.000) (581.000 -155.000) 
411   1.154232e+00 - -    (604.000 -153.000) (610.000 -161.000) 
412   1.360619e+00 - -    (962.000 -154.000) (950.000 -155.000) 
413   1.063961e+00 - -    (962.000 -154.000) (974.000 -161.000) 
414   1.261251e+00 - -    (160.000 -155.000) (144.000 -157.000) 
415   9.393735e-01 - -    (705.000 -14.000) (711.000 -20.000) 
416   1.389902e+00 - -    (307.000 -155.000) (303.000 -156.000) 
417   1.209429e+00 - -    (445.000 -151.000) (437.000 -159.000) 
418   1.191284e+00 - -    (332.000 -155.000) (320.000 -157.000) 
419   1.132145e+00 - -    (332.000 -155.000) (346.000 -160.000) 
420   9.749006e-01 - -    (705.000 -14.000) (689.000 -17.000) 
421   1.228809e+00 - -    (895.000 -155.000) (917.000 -156.000) 
422   1.005779e+00 - -    (303.000 -156.000) (290.000 -157.000) 
423   9.641848e-01 - -    (739.000 -156.000) (717.000 -158.000) 
424   1.174349e+00 - -    (356.000 -157.000) (346.000 -160.000) 
425   1.165653e+00 - -    (472.000 -158.000) (488.000 -158.000) 
426   1.210342e+00 - -    (717.000 -158.000) (710.000 -162.000) 
427   1.012657e+00 - -    (216.000 -159.000) (227.000 -164.000) 
428   9.933088e-01 - -    (628.000 -159.000) (610.000 -161.000) 
429   1.008335e+00 - -    (35.000 -160.000) (50.000 -165.000) 
430   1.030456e+00 - -    (684.000 -160.000) (710.000 -162.000) 
431   1.179489e+00 - -    (974.000 -161.000) (988.000 -161.000) 
432   9.656021e-01 - -    (636.000 -148.000) (628.000 -159.000) 
433   9.528730e-01 - -    (608.000 -146.000) (604.000 -153.000) 
434   6.820373e-01 - -    (739.000 -146.000) (739.000 -156.000) 
435   1.190312e+00 - -    (876.000 -146.000) (865.000 -149.000) 
436   1.144393e+00 - -    (876.000 -146.000) (893.000 -149.000) 
437   9.919672e-01 - -    (359.000 -147.000) (356.000 -157.000) 
438   1.123235e+00 - -    (165.000 -148.000) (160.000 -155.000) 
439   7.247363e-01 - -    (253.000 -148.000) (253.000 -153.000) 
440   1.272461e+00 - -    (280.000 -148.000) (261.000 -155.000) 
441   8.620405e-01 - -    (280.000 -148.000) (290.000 -157.000) 
442   1.034164e+00 - -    (415.000 -148.000) (416.000 -153.000) 
443   1.325774e+00 - -    (564.000 -148.000) (568.000 -148.000) 
444   1.088557e+00 - -    (69.000 -17.000) (55.000 -26.000) 
445   8.588051e-01 - -    (568.000 -148.000) (581.000 -155.000) 
446   1.174799e+00 - -    (636.000 -148.000) (661.000 -151.000) 
447   9.090879e-01 - -    (72.000 -138.000) (66.000 -146.000) 
448   9.620579e-01 - -    (807.000 -148.000) (793.000 -156.000) 
449   1.033641e+00 - -    (807.000 -148.000) (831.000 -154.000) 
450   1.295723e+00 - -    (666.000 -149.000) (661.000 -151.000) 
451   9.791971e-01 - -    (666.000 -149.000) (682.000 -152.000) 
452   1.208675e+00 - -    (69.000 -17.000) (82.000 -17.000) 
453   7.201083e-01 - -    (893.000 -149.000) (895.000 -155.000) 
454   9.300594e-01 - -    (466.000 -150.000) (445.000 -151.000) 
455   9.555036e-01 - -    (466.000 -150.000) (472.000 -158.000) 
456   1.087046e+00 - -    (528.000 -150.000) (512.000 -154.000) 
457   1.080714e+00 - -    (931.000 -150.000) (917.000 -156.000) 
458   1.103372e+00 - -    (931.000 -150.000) (950.000 -155.000) 
459   8.850477e-01 - -    (993.000 -150.000) (988.000 -161.000) 
460   1.161536e+00 - -    (70.000 -151.000) (88.000 -152.000) 
461   1.115624e+00 - -    (70.000 -151.000) (50.000 -165.000) 
462   8.241096e-01 - -    (428.000 -125.000) (428.000 -129.000) 
463   1.041751e+00 - -    (325.000 -122.000) (331.000 -127.000) 
464   1.053246e+00 - -    (359.000 -122.000) (331.000 -127.000) 
465   1.019543e+00 - -    (359.000 -122.000) (363.000 -126.000) 
466   5.974385e-01 - -    (648.000 -122.000) (647.000 -134.000) 
467   8.050429e-01 - -    (302.000 -123.000) (295.000 -138.000) 
468   1.027334e+00 - -    (431.000 -123.000) (428.000 -125.000) 
469   9.052476e-01 - -    (510.000 -123.000) (510.000 -132.000) 
470   1.057899e+00 - -    (774.000 -123.000) (756.000 -129.000) 
471   1.172552e+00 - -    (774.000 -123.000) (788.000 -127.000) 
472   1.017815e+00 - -    (881.000 -123.000) (879.000 -134.000) 
473   1.227102e+00 - -    (386.000 -124.000) (363.000 -126.000) 
474   7.855923e-01 - -    (386.000 -124.000) (393.000 -133.000) 
475   1.123310e+00 - -    (570.000 -124.000) (549.000 -127.000) 
476   9.619862e-01 - -    (570.000 -124.000) (582.000 -135.000) 
477   1.119174e+00 - -    (937.000 -124.000) (934.000 -128.000) 
478   1.089836e+00 - -    (325.000 -122.000) (302.000 -123.000) 
479   1.194504e+00 - -    (602.000 -125.000) (617.000 -126.000) 
480   9.921376e-01 - -    (602.000 -125.000) (594.000 -135.000) 
481   7.972779e-01 - -    (854.000 -125.000) (857.000 -135.000) 
482   1.113940e+00 - -    (363.000 -126.000) (355.000 -142.000) 
483   7.572558e-01 - -    (617.000 -126.000) (623.000 -141.000) 
484   1.031832e+00 - -    (737.000 -126.000) (727.000 -127.000) 
485   9.543572e-01 - -    (737.000 -126.000) (756.000 -129.000) 
486   1.175625e+00 - -    (133.000 -127.000) (121.000 -128.000) 
487   7.043982e-01 - -    (133.000 -127.000) (138.000 -139.000) 
488   1.076184e+00 - -    (168.000 -127.000) (195.000 -129.000) 
489   8.746835e-01 - -    (168.000 -127.000) (155.000 -138.000) 
490   1.096992e+00 - -    (236.000 -127.000) (249.000 -130.000) 
491   8.667984e-01 - -    (236.000 -127.000) (215.000 -139.000) 
492   9.318231e-01 - -    (331.000 -127.000) (327.000 -139.000) 
493   1.121987e+00 - -    (867.000 -120.000) (854.000 -125.000) 
494   1.038719e+00 - -    (231.000 -118.000) (202.000 -121.000) 
495   8.355515e-01 - -    (231.000 -118.000) (236.000 -127.000) 
496   1.063872e+00 - -    (505.000 -118.000) (483.000 -119.000) 
497   1.198733e+00 - -    (505.000 -118.000) (510.000 -123.000) 
498   1.120664e+00 - -    (596.000 -118.000) (574.000 -119.000) 
499   9.089558e-01 - -    (596.000 -118.000) (602.000 -125.000) 
500   8.932148e-01 - -    (704.000 -118.000) (704.000 -121.000) 
501   1.013783e+00 - -    (297.000 -119.000) (272.000 -120.000) 
502   1.061065e+00 - -    (297.000 -119.000) (302.000 -123.000) 
503   1.081424e+00 - -    (483.000 -119.000) (473.000 -134.000) 
504   9.849883e-01 - -    (574.000 -119.000) (570.000 -124.000) 
505   4.661683e-01 - -    (674.000 -119.000) (671.000 -137.000) 
506   8.224892e-01 - -    (68.000 -120.000) (61.000 -130.000) 
507   9.404421e-01 - -    (272.000 -120.000) (264.000 -128.000) 
508   9.338209e-01 - -    (549.000 -127.000) (547.000 -135.000) 
509   9.834782e-01 - -    (867.000 -120.000) (881.000 -123.000) 
510   1.126688e+00 - -    (202.000 -121.000) (195.000 -129.000) 
511   1.011577e+00 - -    (456.000 -121.000) (431.000 -123.000) 
512   7.570044e-01 - -    (456.000 -121.000) (456.000 -130.000) 
513   1.081632e+00 - -    (628.000 -121.000) (648.000 -122.000) 
514   1.001317e+00 - -    (628.000 -121.000) (617.000 -126.000) 
515   9.224458e-01 - -    (704.000 -121.000) (727.000 -127.000) 
516   1.044756e+00 - -    (704.000 -121.000) (690.000 -137.000) 
517   1.272006e+00 - -    (801.000 -121.000) (788.000 -127.000) 
518   1.218046e+00 - -    (801.000 -121.000) (820.000 -127.000) 
519   1.030200e+00 - -    (837.000 -121.000) (820.000 -127.000) 
520   1.116335e+00 - -    (837.000 -121.000) (854.000 -125.000) 
521   1.227966e+00 - -    (956.000 -121.000) (937.000 -124.000) 
522   9.352585e-01 - -    (956.000 -121.000) (965.000 -133.000) 
523   1.117246e+00 - -    (823.000 -135.000) (843.000 -144.000) 
524   1.041286e+00 - -    (46.000 -134.000) (43.000 -143.000) 
525   8.634057e-01 - -    (440.000 -134.000) (440.000 -139.000) 
526   9.702453e-01 - -    (473.000 -134.000) (473.000 -136.000) 
527   1.141470e+00 - -    (647.000 -134.000) (632.000 -142.000) 
528   1.076835e+00 - -    (647.000 -134.000) (669.000 -137.000) 
529   6.358265e-01 - -    (879.000 -134.000) (857.000 -135.000) 
530   7.221940e-01 - -    (879.000 -134.000) (879.000 -135.000) 
531   8.188387e-01 - -    (413.000 -135.000) (411.000 -146.000) 
532   1.140589e+00 - -    (547.000 -135.000) (529.000 -139.000) 
533   1.038147e+00 - -    (547.000 -135.000) (564.000 -148.000) 
534   1.253650e+00 - -    (582.000 -135.000) (594.000 -135.000) 
535   8.110204e-01 - -    (582.000 -135.000) (568.000 -148.000) 
536   9.661810e-01 - -    (594.000 -135.000) (608.000 -146.000) 
537   9.000127e-01 - -    (823.000 -135.000) (804.000 -140.000) 
538   8.270801e-01 - -    (994.000 -133.000) (988.000 -145.000) 
539   6.155202e-01 - -    (857.000 -135.000) (845.000 -144.000) 
540   7.467378e-01 - -    (879.000 -135.000) (905.000 -135.000) 
541   1.006963e+00 - -    (879.000 -135.000) (876.000 -146.000) 
542   1.034988e+00 - -    (905.000 -135.000) (905.000 -138.000) 
543   7.872157e-01 - -    (111.000 -136.000) (112.000 -143.000) 
544   1.058620e+00 - -    (473.000 -136.000) (466.000 -150.000) 
545   8.944150e-01 - -    (473.000 -136.000) (493.000 -140.000) 
546   1.013764e+00 - -    (940.000 -136.000) (964.000 -136.000) 
547   7.847216e-01 - -    (940.000 -136.000) (930.000 -145.000) 
548   1.080069e+00 - -    (964.000 -136.000) (968.000 -144.000) 
549   1.059888e+00 - -    (669.000 -137.000) (671.000 -137.000) 
550   5.221292e-01 - -    (669.000 -137.000) (666.000 -149.000) 
551   1.078696e+00 - -    (671.000 -137.000) (690.000 -137.000) 
552   6.823969e-01 - -    (690.000 -137.000) (698.000 -144.000) 
553   1.137338e+00 - -    (61.000 -130.000) (46.000 -134.000) 
554   4.301276e-01 - -    (727.000 -127.000) (721.000 -143.000) 
555   9.258777e-01 - -    (788.000 -127.000) (788.000 -133.000) 
556   7.572838e-01 - -    (820.000 -127.000) (823.000 -135.000) 
557   1.000983e+00 - -    (121.000 -128.000) (111.000 -136.000) 
558   1.238709e+00 - -    (264.000 -128.000) (249.000 -130.000) 
559   8.222635e-01 - -    (264.000 -128.000) (272.000 -138.000) 
560   1.136580e+00 - -    (934.000 -128.000) (910.000 -130.000) 
561   8.947925e-01 - -    (934.000 -128.000) (940.000 -136.000) 
562   9.808473e-01 - -    (195.000 -129.000) (198.000 -138.000) 
563   1.196034e+00 - -    (428.000 -129.000) (413.000 -135.000) 
564   1.205129e+00 - -    (428.000 -129.000) (440.000 -134.000) 
565   5.758172e-01 - -    (756.000 -129.000) (754.000 -143.000) 
566   1.050949e+00 - -    (984.000 -129.000) (965.000 -133.000) 
567   9.502963e-01 - -    (984.000 -129.000) (994.000 -133.000) 
568   8.587549e-01 - -    (162.000 -118.000) (168.000 -127.000) 
569   9.929994e-01 - -    (61.000 -130.000) (72.000 -138.000) 
570   6.174258e-01 - -    (249.000 -130.000) (245.000 -146.000) 
571   1.003321e+00 - -    (456.000 -130.000) (440.000 -134.000) 
572   9.335168e-01 - -    (456.000 -130.000) (473.000 -134.000) 
573   1.116833e+00 - -    (910.000 -130.000) (905.000 -135.000) 
574   9.344313e-01 - -    (510.000 -132.000) (493.000 -140.000) 
575   1.037898e+00 - -    (510.000 -132.000) (529.000 -139.000) 
576   9.539797e-01 - -    (89.000 -133.000) (111.000 -136.000) 
577   1.237750e+00 - -    (89.000 -133.000) (72.000 -138.000) 
578   9.942354e-01 - -    (393.000 -133.000) (413.000 -135.000) 
579   8.350031e-01 - -    (393.000 -133.000) (380.000 -146.000) 
580   1.187240e+00 - -    (788.000 -133.000) (804.000 -140.000) 
581   1.128009e+00 - -    (788.000 -133.000) (770.000 -144.000) 
582   1.135633e+00 - -    (965.000 -133.000) (964.000 -136.000) 
583   6.287067e-01 - -    (721.000 -37.000) (725.000 -46.000) 
584   6.911742e-01 - -    (293.000 -38.000) (266.000 -41.000) 
585   1.156092e+00 - -    (207.000 -38.000) (201.000 -40.000) 
586   1.023850e+00 - -    (78.000 -38.000) (70.000 -49.000) 
587   9.682879e-01 - -    (959.000 -37.000) (953.000 -47.000) 
588   8.356360e-01 - -    (801.000 -37.000) (808.000 -50.000) 
589   9.308089e-01 - -    (801.000 -37.000) (785.000 -42.000) 
590   1.233283e+00 - -    (775.000 -37.000) (766.000 -44.000) 
591   1.055523e+00 - -    (775.000 -37.000) (785.000 -42.000) 
592   1.161288e+00 - -    (293.000 -38.000) (294.000 -42.000) 
593   1.056432e+00 - -    (685.000 -37.000) (701.000 -38.000) 
594   1.342846e+00 - -    (685.000 -37.000) (679.000 -39.000) 
595   9.996658e-01 - -    (640.000 -37.000) (648.000 -45.000) 
596   1.034885e+00 - -    (631.000 -37.000) (625.000 -52.000) 
597   1.139250e+00 - -    (631.000 -37.000) (640.000 -37.000) 
598   1.091034e+00 - -    (559.000 -37.000) (562.000 -42.000) 
599   8.926237e-01 - -    (546.000 -37.000) (546.000 -47.000) 
600   9.637601e-01 - -    (546.000 -37.000) (559.000 -37.000) 
601   1.382226e+00 - -    (364.000 -38.000) (367.000 -38.000) 
602   9.346049e-01 - -    (364.000 -38.000) (355.000 -48.000) 
603   7.572682e-01 - -    (367.000 -38.000) (381.000 -47.000) 
604   9.121664e-01 - -    (532.000 -38.000) (533.000 -46.000) 
605   6.090499e-01 - -    (701.000 -38.000) (700.000 -52.000) 
606   1.210715e+00 - -    (870.000 -38.000) (861.000 -43.000) 
607   1.013443e+00 - -    (870.000 -38.000) (886.000 -44.000) 
608   8.733752e-01 - -    (48.000 -39.000) (61.000 -49.000) 
609   1.195753e+00 - -    (185.000 -39.000) (201.000 -40.000) 
610   1.013041e+00 - -    (185.000 -39.000) (176.000 -50.000) 
611   9.197199e-01 - -    (264.000 -39.000) (244.000 -40.000) 
612   9.535016e-01 - -    (264.000 -39.000) (266.000 -41.000) 
613   9.423884e-01 - -    (455.000 -39.000) (456.000 -44.000) 
614   1.086051e+00 - -    (666.000 -39.000) (658.000 -44.000) 
615   1.210857e+00 - -    (666.000 -39.000) (679.000 -39.000) 
616   1.032244e+00 - -    (545.000 -36.000) (532.000 -38.000) 
617   1.067801e+00 - -    (775.000 -33.000) (775.000 -37.000) 
618   9.376559e-01 - -    (814.000 -33.000) (801.000 -35.000) 
619   9.581512e-01 - -    (814.000 -33.000) (822.000 -36.000) 
620   1.311727e+00 - -    (130.000 -34.000) (136.000 -35.000) 
621   1.049623e+00 - -    (130.000 -34.000) (115.000 -42.000) 
622   9.843330e-01 - -    (181.000 -34.000) (164.000 -36.000) 
623   9.433329e-01 - -    (181.000 -34.000) (185.000 -39.000) 
624   8.336873e-01 - -    (844.000 -34.000) (845.000 -43.000) 
625   7.765730e-01 - -    (136.000 -35.000) (140.000 -51.000) 
626   1.291199e+00 - -    (518.000 -35.000) (525.000 -35.000) 
627   1.079054e+00 - -    (518.000 -35.000) (512.000 -40.000) 
628   1.059087e+00 - -    (525.000 -35.000) (532.000 -38.000) 
629   8.585662e-01 - -    (753.000 -35.000) (752.000 -42.000) 
630   9.427287e-01 - -    (801.000 -35.000) (801.000 -37.000) 
631   1.001757e+00 - -    (164.000 -36.000) (162.000 -48.000) 
632   6.837087e-01 - -    (679.000 -39.000) (679.000 -49.000) 
633   1.357017e+00 - -    (545.000 -36.000) (546.000 -37.000) 
634   8.808557e-01 - -    (630.000 -36.000) (604.000 -42.000) 
635   1.233049e+00 - -    (630.000 -36.000) (631.000 -37.000) 
636   1.247310e+00 - -    (706.000 -36.000) (701.000 -38.000) 
637   1.238388e+00 - -    (706.000 -36.000) (721.000 -37.000) 
638   7.511720e-01 - -    (822.000 -36.000) (821.000 -49.000) 
639   1.198509e+00 - -    (971.000 -36.000) (959.000 -37.000) 
640   8.355749e-01 - -    (971.000 -36.000) (979.000 -45.000) 
641   9.744268e-01 - -    (99.000 -37.000) (78.000 -38.000) 
642   8.983850e-01 - -    (99.000 -37.000) (103.000 -42.000) 
643   1.231492e+00 - -    (216.000 -37.000) (207.000 -38.000) 
644   8.474676e-01 - -    (216.000 -37.000) (229.000 -47.000) 
645   1.113244e+00 - -    (318.000 -37.000) (337.000 -37.000) 
646   1.075546e+00 - -    (318.000 -37.000) (315.000 -42.000) 
647   9.697848e-01 - -    (337.000 -37.000) (343.000 -49.000) 
648   8.053336e-01 - -    (658.000 -44.000) (667.000 -54.000) 
649   1.017689e+00 - -    (918.000 -45.000) (915.000 -52.000) 
650   9.774463e-01 - -    (648.000 -45.000) (641.000 -56.000) 
651   1.036326e+00 - -    (935.000 -44.000) (941.000 -47.000) 
652   1.048434e+00 - -    (935.000 -44.000) (918.000 -45.000) 
653   7.497511e-01 - -    (891.000 -44.000) (902.000 -56.000) 
654   9.164609e-01 - -    (886.000 -44.000) (869.000 -58.000) 
655   1.256638e+00 - -    (886.000 -44.000) (891.000 -44.000) 
656   9.829087e-01 - -    (766.000 -44.000) (767.000 -55.000) 
657   1.244711e+00 - -    (979.000 -45.000) (992.000 -45.000) 
658   1.257212e+00 - -    (658.000 -44.000) (648.000 -45.000) 
659   1.131556e+00 - -    (456.000 -44.000) (471.000 -47.000) 
660   1.095631e+00 - -    (456.000 -44.000) (451.000 -48.000) 
661   1.103918e+00 - -    (393.000 -44.000) (401.000 -57.000) 
662   8.974660e-01 - -    (393.000 -44.000) (381.000 -47.000) 
663   7.163978e-01 - -    (861.000 -43.000) (861.000 -55.000) 
664   9.858628e-01 - -    (845.000 -43.000) (861.000 -43.000) 
665   1.061244e+00 - -    (845.000 -43.000) (837.000 -49.000) 
666   1.025353e+00 - -    (979.000 -45.000) (970.000 -52.000) 
667   8.645562e-01 - -    (992.000 -45.000) (999.000 -57.000) 
668   1.057867e+00 - -    (533.000 -46.000) (546.000 -47.000) 
669   9.015663e-01 - -    (533.000 -46.000) (526.000 -55.000) 
670   1.211697e+00 - -    (725.000 -46.000) (713.000 -53.000) 
671   1.214605e+00 - -    (725.000 -46.000) (739.000 -48.000) 
672   1.405517e+00 - -    (229.000 -47.000) (236.000 -47.000) 
673   1.033313e+00 - -    (229.000 -47.000) (218.000 -56.000) 
674   1.041995e+00 - -    (236.000 -47.000) (252.000 -57.000) 
675   1.040478e+00 - -    (381.000 -47.000) (376.000 -56.000) 
676   1.033889e+00 - -    (435.000 -47.000) (451.000 -48.000) 
677   7.796283e-01 - -    (435.000 -47.000) (432.000 -54.000) 
678   9.110015e-01 - -    (471.000 -47.000) (471.000 -56.000) 
679   1.061019e+00 - -    (546.000 -47.000) (551.000 -50.000) 
680   9.731975e-01 - -    (584.000 -47.000) (584.000 -52.000) 
681   6.745448e-01 - -    (294.000 -42.000) (315.000 -42.000) 
682   1.132404e+00 - -    (914.000 -39.000) (897.000 -40.000) 
683   1.097690e+00 - -    (914.000 -39.000) (918.000 -45.000) 
684   6.943796e-01 - -    (201.000 -40.000) (200.000 -54.000) 
685   9.170875e-01 - -    (244.000 -40.000) (236.000 -47.000) 
686   1.006581e+00 - -    (418.000 -40.000) (411.000 -43.000) 
687   1.124559e+00 - -    (418.000 -40.000) (430.000 -40.000) 
688   9.905718e-01 - -    (430.000 -40.000) (435.000 -47.000) 
689   8.770833e-01 - -    (512.000 -40.000) (507.000 -48.000) 
690   1.072762e+00 - -    (897.000 -40.000) (891.000 -44.000) 
691   9.149402e-01 - -    (266.000 -41.000) (265.000 -55.000) 
692   1.076434e+00 - -    (598.000 -41.000) (584.000 -47.000) 
693   1.094496e+00 - -    (598.000 -41.000) (604.000 -42.000) 
694   1.192474e+00 - -    (103.000 -42.000) (115.000 -42.000) 
695   1.003248e+00 - -    (103.000 -42.000) (92.000 -55.000) 
696   7.453026e-01 - -    (115.000 -42.000) (121.000 -58.000) 
697   7.350828e-01 - -    (775.000 -33.000) (753.000 -35.000) 
698   1.321670e+00 - -    (294.000 -42.000) (287.000 -58.000) 
699   1.057980e+00 - -    (315.000 -42.000) (316.000 -50.000) 
700   1.167409e+00 - -    (489.000 -42.000) (478.000 -43.000) 
701   1.069045e+00 - -    (489.000 -42.000) (496.000 -49.000) 
702   1.070942e+00 - -    (562.000 -42.000) (577.000 -42.000) 
703   1.056033e+00 - -    (562.000 -42.000) (558.000 -49.000) 
704   1.053111e+00 - -    (577.000 -42.000) (584.000 -47.000) 
705   8.384299e-01 - -    (604.000 -42.000) (611.000 -54.000) 
706   1.003470e+00 - -    (752.000 -42.000) (739.000 -48.000) 
707   8.390573e-01 - -    (752.000 -42.000) (766.000 -44.000) 
708   7.816025e-01 - -    (785.000 -42.000) (783.000 -52.000) 
709   8.890287e-01 - -    (393.000 -43.000) (411.000 -43.000) 
710   9.841536e-01 - -    (393.000 -43.000) (393.000 -44.000) 
711   6.994500e-01 - -    (411.000 -43.000) (414.000 -55.000) 
712   1.223286e+00 - -    (478.000 -43.000) (471.000 -47.000) 
713   8.536755e-01 - -    (123.000 -23.000) (130.000 -34.000) 
714   9.981960e-01 - -    (558.000 -23.000) (564.000 -29.000) 
715   1.041259e+00 - -    (558.000 -23.000) (544.000 -26.000) 
716   6.961032e-01 - -    (530.000 -23.000) (525.000 -35.000) 
717   1.285355e+00 - -    (453.000 -23.000) (459.000 -24.000) 
718   9.142374e-01 - -    (453.000 -23.000) (443.000 -31.000) 
719   1.332955e+00 - -    (263.000 -23.000) (266.000 -25.000) 
720   1.244416e+00 - -    (263.000 -23.000) (247.000 -25.000) 
721   8.063441e-01 - -    (226.000 -23.000) (216.000 -37.000) 
722   9.805597e-01 - -    (752.000 -23.000) (750.000 -31.000) 
723   8.860976e-01 - -    (88.000 -23.000) (76.000 -33.000) 
724   8.015486e-01 - -    (964.000 -22.000) (977.000 -29.000) 
725   1.091327e+00 - -    (964.000 -22.000) (950.000 -24.000) 
726   8.871806e-01 - -    (776.000 -22.000) (777.000 -29.000) 
727   8.683515e-01 - -    (647.000 -22.000) (649.000 -27.000) 
728   1.174101e+00 - -    (635.000 -22.000) (647.000 -22.000) 
729   8.836153e-01 - -    (635.000 -22.000) (628.000 -24.000) 
730   1.012525e+00 - -    (610.000 -22.000) (628.000 -24.000) 
731   1.209169e+00 - -    (906.000 -23.000) (895.000 -25.000) 
732   9.969342e-01 - -    (906.000 -23.000) (918.000 -32.000) 
733   1.121649e+00 - -    (283.000 -24.000) (266.000 -25.000) 
734   1.236642e+00 - -    (283.000 -24.000) (293.000 -32.000) 
735   9.981136e-01 - -    (459.000 -24.000) (465.000 -31.000) 
736   1.009740e+00 - -    (510.000 -24.000) (510.000 -28.000) 
737   7.353405e-01 - -    (628.000 -24.000) (630.000 -36.000) 
738   8.430061e-01 - -    (688.000 -24.000) (667.000 -25.000) 
739   9.018586e-01 - -    (688.000 -24.000) (690.000 -27.000) 
740   1.128284e+00 - -    (889.000 -24.000) (895.000 -25.000) 
741   1.094797e+00 - -    (889.000 -24.000) (870.000 -32.000) 
742   9.815880e-01 - -    (950.000 -24.000) (949.000 -28.000) 
743   8.960804e-01 - -    (184.000 -25.000) (181.000 -34.000) 
744   6.792777e-01 - -    (247.000 -25.000) (244.000 -40.000) 
745   9.499669e-01 - -    (266.000 -25.000) (264.000 -39.000) 
746   9.631030e-01 - -    (711.000 -20.000) (705.000 -26.000) 
747   1.128468e+00 - -    (517.000 -19.000) (510.000 -24.000) 
748   9.685169e-01 - -    (517.000 -19.000) (530.000 -23.000) 
749   1.263282e+00 - -    (799.000 -19.000) (797.000 -20.000) 
750   1.237660e+00 - -    (799.000 -19.000) (816.000 -20.000) 
751   5.748875e-01 - -    (839.000 -19.000) (817.000 -21.000) 
752   9.539855e-01 - -    (839.000 -19.000) (840.000 -32.000) 
753   9.879515e-01 - -    (727.000 -18.000) (732.000 -31.000) 
754   1.119168e+00 - -    (195.000 -20.000) (204.000 -21.000) 
755   1.207447e+00 - -    (195.000 -20.000) (184.000 -25.000) 
756   9.273152e-01 - -    (727.000 -18.000) (711.000 -20.000) 
757   1.161195e+00 - -    (398.000 -20.000) (414.000 -25.000) 
758   1.115425e+00 - -    (398.000 -20.000) (387.000 -28.000) 
759   1.248829e+00 - -    (427.000 -20.000) (430.000 -20.000) 
760   1.060559e+00 - -    (427.000 -20.000) (414.000 -25.000) 
761   9.427740e-01 - -    (430.000 -20.000) (438.000 -31.000) 
762   6.228197e-01 - -    (414.000 -25.000) (418.000 -40.000) 
763   1.220731e+00 - -    (762.000 -20.000) (752.000 -23.000) 
764   1.077541e+00 - -    (762.000 -20.000) (776.000 -22.000) 
765   9.357553e-01 - -    (797.000 -20.000) (795.000 -27.000) 
766   8.168515e-01 - -    (816.000 -20.000) (817.000 -21.000) 
767   1.019136e+00 - -    (499.000 -18.000) (510.000 -24.000) 
768   5.264713e-01 - -    (204.000 -21.000) (207.000 -38.000) 
769   8.265549e-01 - -    (817.000 -21.000) (814.000 -33.000) 
770   1.251142e+00 - -    (106.000 -22.000) (88.000 -23.000) 
771   1.169829e+00 - -    (106.000 -22.000) (123.000 -23.000) 
772   9.373598e-01 - -    (106.000 -22.000) (99.000 -37.000) 
773   1.212879e+00 - -    (237.000 -22.000) (226.000 -23.000) 
774   1.039448e+00 - -    (237.000 -22.000) (247.000 -25.000) 
775   1.179091e+00 - -    (535.000 -22.000) (530.000 -23.000) 
776   1.192866e+00 - -    (535.000 -22.000) (544.000 -26.000) 
777   1.229968e+00 - -    (610.000 -22.000) (597.000 -30.000) 
778   1.284109e+00 - -    (152.000 -30.000) (136.000 -35.000) 
779   9.606483e-01 - -    (443.000 -31.000) (455.000 -39.000) 
780   1.012404e+00 - -    (438.000 -31.000) (430.000 -40.000) 
781   1.287807e+00 - -    (438.000 -31.000) (443.000 -31.000) 
782   9.487009e-01 - -    (55.000 -31.000) (76.000 -33.000) 
783   1.125675e+00 - -    (55.000 -31.000) (48.000 -39.000) 
784   7.738859e-01 - -    (597.000 -30.000) (598.000 -41.000) 
785   1.045439e+00 - -    (341.000 -30.000) (337.000 -37.000) 
786   1.102907e+00 - -    (152.000 -30.000) (164.000 -36.000) 
787   1.260493e+00 - -    (465.000 -31.000) (474.000 -32.000) 
788   9.130253e-01 - -    (977.000 -29.000) (971.000 -36.000) 
789   1.170861e+00 - -    (860.000 -29.000) (870.000 -32.000) 
790   1.077986e+00 - -    (860.000 -29.000) (844.000 -34.000) 
791   1.260481e+00 - -    (777.000 -29.000) (775.000 -33.000) 
792   8.351156e-01 - -    (582.000 -29.000) (577.000 -42.000) 
793   9.347380e-01 - -    (564.000 -29.000) (559.000 -37.000) 
794   1.003320e+00 - -    (564.000 -29.000) (582.000 -29.000) 
795   9.798896e-01 - -    (352.000 -29.000) (364.000 -38.000) 
796   9.087651e-01 - -    (465.000 -31.000) (455.000 -39.000) 
797   9.464235e-01 - -    (732.000 -31.000) (750.000 -31.000) 
798   1.012695e+00 - -    (732.000 -31.000) (721.000 -37.000) 
799   1.027340e+00 - -    (750.000 -31.000) (753.000 -35.000) 
800   8.515404e-01 - -    (937.000 -31.000) (935.000 -44.000) 
801   9.807703e-01 - -    (293.000 -32.000) (293.000 -38.000) 
802   6.590808e-01 - -    (474.000 -32.000) (478.000 -43.000) 
803   1.134943e+00 - -    (840.000 -32.000) (822.000 -36.000) 
804   1.196714e+00 - -    (840.000 -32.000) (844.000 -34.000) 
805   7.055702e-01 - -    (870.000 -32.000) (870.000 -38.000) 
806   1.012913e+00 - -    (918.000 -32.000) (914.000 -39.000) 
807   9.436047e-01 - -    (76.000 -33.000) (78.000 -38.000) 
808   1.312768e+00 - -    (498.000 -33.000) (499.000 -33.000) 
809   8.421560e-01 - -    (498.000 -33.000) (489.000 -42.000) 
810   6.846269e-01 - -    (499.000 -33.000) (512.000 -40.000) 
811   1.041906e+00 - -    (649.000 -27.000) (663.000 -28.000) 
812   1.142729e+00 - -    (667.000 -25.000) (663.000 -28.000) 
813   6.426759e-01 - -    (895.000 -25.000) (897.000 -40.000) 
814   8.103958e-01 - -    (55.000 -26.000) (55.000 -31.000) 
815   1.063184e+00 - -    (484.000 -26.000) (474.000 -32.000) 
816   1.219976e+00 - -    (484.000 -26.000) (489.000 -26.000) 
817   8.683088e-01 - -    (489.000 -26.000) (498.000 -33.000) 
818   8.140884e-01 - -    (544.000 -26.000) (545.000 -36.000) 
819   9.239850e-01 - -    (705.000 -26.000) (690.000 -27.000) 
820   6.708728e-01 - -    (705.000 -26.000) (706.000 -36.000) 
821   1.100680e+00 - -    (307.000 -27.000) (314.000 -29.000) 
822   9.959967e-01 - -    (307.000 -27.000) (293.000 -32.000) 
823   1.002504e+00 - -    (377.000 -27.000) (387.000 -28.000) 
824   8.572336e-01 - -    (377.000 -27.000) (367.000 -38.000) 
825   1.302544e+00 - -    (585.000 -27.000) (582.000 -29.000) 
826   1.170617e+00 - -    (585.000 -27.000) (597.000 -30.000) 
827   1.118347e+00 - -    (941.000 -47.000) (953.000 -47.000) 
828   8.892433e-01 - -    (649.000 -27.000) (640.000 -37.000) 
829   8.056015e-01 - -    (690.000 -27.000) (685.000 -37.000) 
830   9.238993e-01 - -    (795.000 -27.000) (777.000 -29.000) 
831   1.213578e+00 - -    (795.000 -27.000) (801.000 -35.000) 
832   9.614566e-01 - -    (499.000 -18.000) (489.000 -26.000) 
833   1.078828e+00 - -    (387.000 -28.000) (393.000 -43.000) 
834   9.774234e-01 - -    (510.000 -28.000) (499.000 -33.000) 
835   1.071929e+00 - -    (510.000 -28.000) (518.000 -35.000) 
836   7.446213e-01 - -    (663.000 -28.000) (666.000 -39.000) 
837   1.129962e+00 - -    (932.000 -28.000) (937.000 -31.000) 
838   1.192352e+00 - -    (932.000 -28.000) (918.000 -32.000) 
839   1.024476e+00 - -    (949.000 -28.000) (937.000 -31.000) 
840   1.044965e+00 - -    (949.000 -28.000) (959.000 -37.000) 
841   1.018610e+00 - -    (314.000 -29.000) (318.000 -37.000) 
842   1.143504e+00 - -    (352.000 -29.000) (341.000 -30.000) 
843   9.743925e-01 - -    (767.000 -68.000) (766.000 -73.000) 
844   7.650331e-01 - -    (548.000 -69.000) (553.000 -75.000) 
845   1.000139e+00 - -    (464.000 -69.000) (471.000 -74.000) 
846   9.842036e-01 - -    (464.000 -69.000) (447.000 -70.000) 
847   9.434098e-01 - -    (396.000 -69.000) (390.000 -79.000) 
848   7.625615e-01 - -    (396.000 -69.000) (418.000 -71.000) 
849   1.004303e+00 - -    (818.000 -68.000) (818.000 -80.000) 
850   7.510681e-01 - -    (800.000 -68.000) (793.000 -81.000) 
851   1.101746e+00 - -    (800.000 -68.000) (818.000 -68.000) 
852   9.370358e-01 - -    (576.000 -69.000) (576.000 -70.000) 
853   9.232969e-01 - -    (622.000 -68.000) (625.000 -73.000) 
854   1.275925e+00 - -    (538.000 -68.000) (548.000 -69.000) 
855   1.327993e+00 - -    (538.000 -68.000) (532.000 -70.000) 
856   1.079319e+00 - -    (446.000 -68.000) (447.000 -70.000) 
857   7.267384e-01 - -    (446.000 -68.000) (419.000 -70.000) 
858   1.153703e+00 - -    (335.000 -68.000) (316.000 -71.000) 
859   1.339567e+00 - -    (335.000 -68.000) (343.000 -72.000) 
860   1.038567e+00 - -    (186.000 -68.000) (204.000 -73.000) 
861   1.156932e+00 - -    (419.000 -70.000) (418.000 -71.000) 
862   9.827265e-01 - -    (447.000 -70.000) (441.000 -82.000) 
863   8.608431e-01 - -    (532.000 -70.000) (530.000 -77.000) 
864   7.184677e-01 - -    (576.000 -70.000) (553.000 -75.000) 
865   8.870520e-01 - -    (576.000 -70.000) (579.000 -76.000) 
866   1.175306e+00 - -    (651.000 -70.000) (639.000 -73.000) 
867   1.059068e+00 - -    (651.000 -70.000) (664.000 -76.000) 
868   1.377116e+00 - -    (710.000 -70.000) (704.000 -71.000) 
869   7.833462e-01 - -    (710.000 -70.000) (724.000 -82.000) 
870   1.016246e+00 - -    (961.000 -70.000) (960.000 -76.000) 
871   1.199240e+00 - -    (246.000 -71.000) (259.000 -74.000) 
872   1.168844e+00 - -    (246.000 -71.000) (229.000 -78.000) 
873   8.001564e-01 - -    (316.000 -71.000) (311.000 -84.000) 
874   1.213169e+00 - -    (349.000 -71.000) (343.000 -72.000) 
875   1.026867e+00 - -    (349.000 -71.000) (370.000 -74.000) 
876   1.039761e+00 - -    (974.000 -65.000) (961.000 -70.000) 
877   1.147876e+00 - -    (136.000 -64.000) (157.000 -64.000) 
878   9.368855e-01 - -    (136.000 -64.000) (129.000 -75.000) 
879   1.039845e+00 - -    (157.000 -64.000) (161.000 -72.000) 
880   1.018520e+00 - -    (515.000 -64.000) (507.000 -65.000) 
881   1.080824e+00 - -    (515.000 -64.000) (532.000 -70.000) 
882   6.985727e-01 - -    (673.000 -64.000) (672.000 -75.000) 
883   9.273592e-01 - -    (841.000 -64.000) (820.000 -66.000) 
884   8.506091e-01 - -    (841.000 -64.000) (848.000 -72.000) 
885   9.137430e-01 - -    (220.000 -65.000) (245.000 -67.000) 
886   9.327485e-01 - -    (220.000 -65.000) (214.000 -72.000) 
887   1.027785e+00 - -    (395.000 -65.000) (396.000 -69.000) 
888   8.339337e-01 - -    (507.000 -65.000) (506.000 -74.000) 
889   1.087835e+00 - -    (717.000 -65.000) (710.000 -70.000) 
890   7.951935e-01 - -    (883.000 -65.000) (883.000 -80.000) 
891   1.151655e+00 - -    (974.000 -65.000) (982.000 -67.000) 
892   9.764886e-01 - -    (418.000 -71.000) (418.000 -82.000) 
893   1.180394e+00 - -    (54.000 -66.000) (61.000 -68.000) 
894   4.989492e-01 - -    (860.000 -17.000) (839.000 -18.000) 
895   1.252403e+00 - -    (70.000 -66.000) (61.000 -68.000) 
896   9.526894e-01 - -    (70.000 -66.000) (81.000 -74.000) 
897   1.160384e+00 - -    (820.000 -66.000) (818.000 -68.000) 
898   7.703135e-01 - -    (245.000 -67.000) (246.000 -71.000) 
899   1.300402e+00 - -    (608.000 -67.000) (622.000 -68.000) 
900   1.093081e+00 - -    (608.000 -67.000) (593.000 -77.000) 
901   8.280829e-01 - -    (796.000 -67.000) (767.000 -68.000) 
902   7.543768e-01 - -    (796.000 -67.000) (800.000 -68.000) 
903   7.930884e-01 - -    (982.000 -67.000) (985.000 -78.000) 
904   7.594567e-01 - -    (61.000 -68.000) (61.000 -84.000) 
905   1.058496e+00 - -    (103.000 -68.000) (81.000 -74.000) 
906   1.088736e+00 - -    (103.000 -68.000) (114.000 -76.000) 
907   1.048141e+00 - -    (186.000 -68.000) (166.000 -73.000) 
908   1.064362e+00 - -    (579.000 -76.000) (593.000 -77.000) 
909   8.100322e-01 - -    (229.000 -78.000) (229.000 -85.000) 
910   7.343011e-01 - -    (593.000 -77.000) (593.000 -81.000) 
911   1.111629e+00 - -    (530.000 -77.000) (538.000 -84.000) 
912   9.482062e-01 - -    (530.000 -77.000) (513.000 -79.000) 
913   1.100931e+00 - -    (960.000 -76.000) (970.000 -84.000) 
914   9.143206e-01 - -    (960.000 -76.000) (938.000 -82.000) 
915   8.148292e-01 - -    (754.000 -76.000) (757.000 -89.000) 
916   6.441257e-01 - -    (664.000 -76.000) (659.000 -90.000) 
917   9.965352e-01 - -    (783.000 -17.000) (797.000 -20.000) 
918   1.000620e+00 - -    (579.000 -76.000) (562.000 -84.000) 
919   7.116944e-01 - -    (487.000 -76.000) (492.000 -87.000) 
920   8.860250e-01 - -    (114.000 -76.000) (105.000 -92.000) 
921   1.106624e+00 - -    (672.000 -75.000) (689.000 -81.000) 
922   1.162979e+00 - -    (672.000 -75.000) (664.000 -76.000) 
923   7.530968e-01 - -    (553.000 -75.000) (551.000 -81.000) 
924   1.170098e+00 - -    (129.000 -75.000) (134.000 -80.000) 
925   1.179658e+00 - -    (129.000 -75.000) (114.000 -76.000) 
926   1.044202e+00 - -    (985.000 -78.000) (970.000 -84.000) 
927   1.197454e+00 - -    (390.000 -79.000) (376.000 -80.000) 
928   8.484573e-01 - -    (390.000 -79.000) (406.000 -89.000) 
929   7.307699e-01 - -    (513.000 -79.000) (513.000 -83.000) 
930   1.104970e+00 - -    (924.000 -79.000) (936.000 -79.000) 
931   8.335709e-01 - -    (924.000 -79.000) (911.000 -89.000) 
932   1.118084e+00 - -    (936.000 -79.000) (938.000 -82.000) 
933   8.429702e-01 - -    (134.000 -80.000) (132.000 -90.000) 
934   8.170212e-01 - -    (376.000 -80.000) (372.000 -88.000) 
935   1.256303e+00 - -    (818.000 -80.000) (805.000 -86.000) 
936   1.001764e+00 - -    (818.000 -80.000) (830.000 -84.000) 
937   1.106622e+00 - -    (883.000 -80.000) (866.000 -81.000) 
938   1.042833e+00 - -    (883.000 -80.000) (890.000 -86.000) 
939   8.751903e-01 - -    (839.000 -18.000) (839.000 -19.000) 
940   9.661283e-01 - -    (78.000 -81.000) (86.000 -94.000) 
941   6.243430e-01 - -    (639.000 -73.000) (640.000 -89.000) 
942   1.023561e+00 - -    (704.000 -71.000) (689.000 -81.000) 
943   1.272641e+00 - -    (857.000 -71.000) (848.000 -72.000) 
944   7.927652e-01 - -    (857.000 -71.000) (866.000 -81.000) 
945   1.300389e+00 - -    (161.000 -72.000) (166.000 -73.000) 
946   1.022642e+00 - -    (161.000 -72.000) (134.000 -80.000) 
947   1.447423e+00 - -    (214.000 -72.000) (204.000 -73.000) 
948   1.105899e+00 - -    (214.000 -72.000) (229.000 -78.000) 
949   8.383673e-01 - -    (343.000 -72.000) (344.000 -85.000) 
950   9.093950e-01 - -    (848.000 -72.000) (834.000 -83.000) 
951   7.843482e-01 - -    (166.000 -73.000) (173.000 -86.000) 
952   6.917567e-01 - -    (204.000 -73.000) (193.000 -85.000) 
953   1.223484e+00 - -    (275.000 -73.000) (259.000 -74.000) 
954   9.847932e-01 - -    (275.000 -73.000) (289.000 -87.000) 
955   1.094683e+00 - -    (625.000 -73.000) (639.000 -73.000) 
956   1.038477e+00 - -    (625.000 -73.000) (612.000 -84.000) 
957   8.678782e-01 - -    (103.000 -64.000) (103.000 -68.000) 
958   1.053756e+00 - -    (766.000 -73.000) (754.000 -76.000) 
959   1.155473e+00 - -    (766.000 -73.000) (776.000 -84.000) 
960   1.069806e+00 - -    (905.000 -73.000) (915.000 -73.000) 
961   8.134862e-01 - -    (905.000 -73.000) (894.000 -85.000) 
962   8.292640e-01 - -    (915.000 -73.000) (924.000 -79.000) 
963   1.085961e+00 - -    (81.000 -74.000) (78.000 -81.000) 
964   7.685591e-01 - -    (259.000 -74.000) (258.000 -86.000) 
965   9.572972e-01 - -    (370.000 -74.000) (376.000 -80.000) 
966   1.245796e+00 - -    (471.000 -74.000) (485.000 -74.000) 
967   8.847736e-01 - -    (471.000 -74.000) (464.000 -83.000) 
968   1.334316e+00 - -    (485.000 -74.000) (487.000 -76.000) 
969   9.130590e-01 - -    (506.000 -74.000) (487.000 -76.000) 
970   1.007605e+00 - -    (506.000 -74.000) (513.000 -79.000) 
971   1.061356e+00 - -    (742.000 -74.000) (754.000 -76.000) 
972   1.189389e+00 - -    (742.000 -74.000) (724.000 -82.000) 
973   1.061690e+00 - -    (783.000 -52.000) (797.000 -55.000) 
974   9.347677e-01 - -    (200.000 -54.000) (218.000 -56.000) 
975   1.095050e+00 - -    (200.000 -54.000) (187.000 -58.000) 
976   7.064935e-01 - -    (713.000 -53.000) (717.000 -65.000) 
977   8.702982e-01 - -    (970.000 -52.000) (974.000 -65.000) 
978   1.101134e+00 - -    (957.000 -52.000) (953.000 -60.000) 
979   1.176773e+00 - -    (957.000 -52.000) (970.000 -52.000) 
980   9.027381e-01 - -    (915.000 -52.000) (926.000 -59.000) 
981   1.228626e+00 - -    (915.000 -52.000) (902.000 -56.000) 
982   1.229777e+00 - -    (432.000 -54.000) (419.000 -58.000) 
983   1.121100e+00 - -    (783.000 -52.000) (767.000 -55.000) 
984   1.086637e+00 - -    (700.000 -52.000) (713.000 -53.000) 
985   1.096863e+00 - -    (700.000 -52.000) (689.000 -55.000) 
986   1.016508e+00 - -    (625.000 -52.000) (630.000 -57.000) 
987   1.170690e+00 - -    (625.000 -52.000) (611.000 -54.000) 
988   1.166603e+00 - -    (584.000 -52.000) (590.000 -60.000) 
989   9.108980e-01 - -    (584.000 -52.000) (567.000 -60.000) 
990   1.071470e+00 - -    (164.000 -52.000) (157.000 -64.000) 
991   1.088192e+00 - -    (432.000 -54.000) (444.000 -58.000) 
992   9.382969e-01 - -    (611.000 -54.000) (604.000 -62.000) 
993   1.116421e+00 - -    (667.000 -54.000) (666.000 -59.000) 
994   1.292520e+00 - -    (92.000 -55.000) (78.000 -56.000) 
995   1.117964e+00 - -    (92.000 -55.000) (103.000 -64.000) 
996   1.057560e+00 - -    (265.000 -55.000) (252.000 -57.000) 
997   8.938013e-01 - -    (265.000 -55.000) (287.000 -58.000) 
998   9.978288e-01 - -    (414.000 -55.000) (401.000 -57.000) 
999   1.144543e+00 - -    (414.000 -55.000) (419.000 -58.000) 
1000   1.108482e+00 - -    (454.000 -55.000) (466.000 -59.000) 
1001   8.712514e-01 - -    (454.000 -55.000) (444.000 -58.000) 
1002   1.060757e+00 - -    (526.000 -55.000) (517.000 -56.000) 
1003   9.078792e-01 - -    (526.000 -55.000) (538.000 -63.000) 
1004   8.592040e-01 - -    (689.000 -55.000) (687.000 -62.000) 
1005   1.245582e+00 - -    (767.000 -55.000) (765.000 -59.000) 
1006   1.208888e+00 - -    (558.000 -49.000) (551.000 -50.000) 
1007   5.674072e-01 - -    (941.000 -47.000) (934.000 -59.000) 
1008   1.011742e+00 - -    (953.000 -47.000) (957.000 -52.000) 
1009   8.930509e-01 - -    (162.000 -48.000) (140.000 -51.000) 
1010   9.746092e-01 - -    (162.000 -48.000) (164.000 -52.000) 
1011   1.061894e+00 - -    (355.000 -48.000) (343.000 -49.000) 
1012   8.106488e-01 - -    (355.000 -48.000) (361.000 -56.000) 
1013   8.062621e-01 - -    (451.000 -48.000) (454.000 -55.000) 
1014   1.081827e+00 - -    (507.000 -48.000) (496.000 -49.000) 
1015   9.072832e-01 - -    (507.000 -48.000) (517.000 -56.000) 
1016   9.477581e-01 - -    (739.000 -48.000) (741.000 -60.000) 
1017   1.290114e+00 - -    (61.000 -49.000) (70.000 -49.000) 
1018   7.244209e-01 - -    (61.000 -49.000) (47.000 -58.000) 
1019   9.642618e-01 - -    (70.000 -49.000) (78.000 -56.000) 
1020   1.108795e+00 - -    (343.000 -49.000) (334.000 -57.000) 
1021   9.665826e-01 - -    (496.000 -49.000) (492.000 -60.000) 
1022   5.776565e-01 - -    (797.000 -55.000) (796.000 -67.000) 
1023   7.865459e-01 - -    (558.000 -49.000) (565.000 -60.000) 
1024   1.014322e+00 - -    (679.000 -49.000) (667.000 -54.000) 
1025   1.095084e+00 - -    (679.000 -49.000) (689.000 -55.000) 
1026   1.174729e+00 - -    (821.000 -49.000) (837.000 -49.000) 
1027   1.316875e+00 - -    (821.000 -49.000) (820.000 -50.000) 
1028   9.602294e-01 - -    (837.000 -49.000) (843.000 -57.000) 
1029   1.069050e+00 - -    (176.000 -50.000) (164.000 -52.000) 
1030   9.506831e-01 - -    (176.000 -50.000) (187.000 -58.000) 
1031   9.879980e-01 - -    (316.000 -50.000) (334.000 -57.000) 
1032   7.478162e-01 - -    (316.000 -50.000) (303.000 -63.000) 
1033   8.571777e-01 - -    (551.000 -50.000) (538.000 -63.000) 
1034   9.538412e-01 - -    (808.000 -50.000) (820.000 -50.000) 
1035   1.066654e+00 - -    (808.000 -50.000) (797.000 -55.000) 
1036   9.570130e-01 - -    (820.000 -50.000) (820.000 -66.000) 
1037   9.639885e-01 - -    (140.000 -51.000) (130.000 -58.000) 
1038   8.830528e-01 - -    (492.000 -60.000) (492.000 -62.000) 
1039   1.132801e+00 - -    (953.000 -60.000) (942.000 -62.000) 
1040   7.540148e-01 - -    (741.000 -60.000) (742.000 -74.000) 
1041   1.111106e+00 - -    (741.000 -60.000) (717.000 -65.000) 
1042   9.576698e-01 - -    (590.000 -60.000) (576.000 -69.000) 
1043   1.168873e+00 - -    (590.000 -60.000) (604.000 -62.000) 
1044   1.041589e+00 - -    (567.000 -60.000) (576.000 -69.000) 
1045   1.037808e+00 - -    (565.000 -60.000) (548.000 -69.000) 
1046   1.231556e+00 - -    (565.000 -60.000) (567.000 -60.000) 
1047   1.121945e+00 - -    (953.000 -60.000) (961.000 -70.000) 
1048   9.973230e-01 - -    (287.000 -60.000) (275.000 -73.000) 
1049   1.026979e+00 - -    (287.000 -60.000) (303.000 -63.000) 
1050   9.764942e-01 - -    (934.000 -59.000) (942.000 -62.000) 
1051   7.413014e-01 - -    (926.000 -59.000) (915.000 -73.000) 
1052   1.203577e+00 - -    (926.000 -59.000) (934.000 -59.000) 
1053   1.203653e+00 - -    (765.000 -59.000) (767.000 -68.000) 
1054   7.890951e-01 - -    (765.000 -59.000) (741.000 -60.000) 
1055   1.222051e+00 - -    (666.000 -59.000) (673.000 -64.000) 
1056   9.801523e-01 - -    (492.000 -62.000) (507.000 -65.000) 
1057   1.143342e+00 - -    (492.000 -62.000) (485.000 -74.000) 
1058   9.306800e-01 - -    (604.000 -62.000) (608.000 -67.000) 
1059   1.140515e+00 - -    (687.000 -62.000) (673.000 -64.000) 
1060   8.704062e-01 - -    (687.000 -62.000) (704.000 -71.000) 
1061   1.148686e+00 - -    (869.000 -62.000) (883.000 -65.000) 
1062   1.218126e+00 - -    (869.000 -62.000) (857.000 -71.000) 
1063   9.233261e-01 - -    (942.000 -62.000) (936.000 -79.000) 
1064   9.467171e-01 - -    (303.000 -63.000) (316.000 -71.000) 
1065   1.100519e+00 - -    (380.000 -63.000) (395.000 -65.000) 
1066   9.262998e-01 - -    (380.000 -63.000) (370.000 -74.000) 
1067   8.000388e-01 - -    (538.000 -63.000) (538.000 -68.000) 
1068   7.934596e-01 - -    (654.000 -63.000) (651.000 -70.000) 
1069   1.149894e+00 - -    (893.000 -63.000) (883.000 -65.000) 
1070   7.989209e-01 - -    (893.000 -63.000) (905.000 -73.000) 
1071   1.129849e+00 - -    (401.000 -57.000) (395.000 -65.000) 
1072   9.181452e-01 - -    (861.000 -55.000) (843.000 -57.000) 
1073   1.058274e+00 - -    (861.000 -55.000) (869.000 -58.000) 
1074   8.627267e-01 - -    (78.000 -56.000) (70.000 -66.000) 
1075   8.349217e-01 - -    (218.000 -56.000) (220.000 -65.000) 
1076   1.026901e+00 - -    (361.000 -56.000) (376.000 -56.000) 
1077   7.542619e-01 - -    (361.000 -56.000) (349.000 -71.000) 
1078   1.005442e+00 - -    (376.000 -56.000) (380.000 -63.000) 
1079   7.314659e-01 - -    (471.000 -56.000) (492.000 -60.000) 
1080   1.104137e+00 - -    (471.000 -56.000) (466.000 -59.000) 
1081   7.181764e-01 - -    (517.000 -56.000) (515.000 -64.000) 
1082   1.149033e+00 - -    (641.000 -56.000) (630.000 -57.000) 
1083   8.648507e-01 - -    (641.000 -56.000) (654.000 -63.000) 
1084   8.924249e-01 - -    (902.000 -56.000) (893.000 -63.000) 
1085   7.943161e-01 - -    (252.000 -57.000) (245.000 -67.000) 
1086   8.968871e-01 - -    (334.000 -57.000) (335.000 -68.000) 
1087   1.074214e+00 - -    (551.000 -81.000) (538.000 -84.000) 
1088   9.539643e-01 - -    (630.000 -57.000) (622.000 -68.000) 
1089   9.588110e-01 - -    (843.000 -57.000) (841.000 -64.000) 
1090   9.907447e-01 - -    (999.000 -57.000) (982.000 -67.000) 
1091   7.211805e-01 - -    (860.000 -17.000) (860.000 -29.000) 
1092   8.963891e-01 - -    (47.000 -58.000) (54.000 -66.000) 
1093   1.032433e+00 - -    (121.000 -58.000) (103.000 -64.000) 
1094   1.203260e+00 - -    (121.000 -58.000) (130.000 -58.000) 
1095   7.766710e-01 - -    (130.000 -58.000) (136.000 -64.000) 
1096   7.035348e-01 - -    (187.000 -58.000) (186.000 -68.000) 
1097   9.345552e-01 - -    (287.000 -58.000) (287.000 -60.000) 
1098   9.471240e-01 - -    (419.000 -58.000) (419.000 -70.000) 
1099   8.792461e-01 - -    (444.000 -58.000) (446.000 -68.000) 
1100   7.647082e-01 - -    (869.000 -58.000) (869.000 -62.000) 
1101   7.933056e-01 - -    (466.000 -59.000) (464.000 -69.000) 
1102   1.187190e+00 - -    (666.000 -59.000) (654.000 -63.000) 

# cell pressure : - - cell_id, inf.pressure
- -   0   -3.868644e-03
- -   1   -2.682924e-02
- -   2   -2.460718e-03
- -   3   1.607967e-04
- -   4   1.077298e-03
- -   5   -3.294638e-02
- -   6   -4.603159e-04
- -   7   -1.187333e-04
- -   8   1.351663e-02
- -   9   -1.931370e-02
- -  10   1.720291e-03
- -  11   -2.762435e-03
- -  12   1.850913e-02
- -  13   -1.194495e-02
- -  14   3.647263e-03
- -  15   6.561382e-03
- -  16   -2.775135e-02
- -  17   -2.024857e-02
- -  18   7.352546e-03
- -  19   -2.723550e-02
- -  20   2.574037e-02
- -  21   -3.995902e-03
- -  22   -1.738619e-02
- -  23   -4.047823e-03
- -  24   -2.084720e-03
- -  25   -1.417425e-02
- -  26   1.332368e-02
- -  27   1.614927e-02
- -  28   -2.557679e-02
- -  29   -2.170734e-02
- -  30   2.324858e-03
- -  31   -6.780579e-03
- -  32   -2.208199e-02
- -  33   -1.357490e-02
- -  34   -1.828441e-02
- -  35   -9.107933e-03
- -  36   -1.946805e-02
- -  37   -3.279430e-02
- -  38   -3.601349e-03
- -  39   -1.873330e-02
- -  40   2.550071e-03
- -  41   -3.775154e-03
- -  42   -3.568838e-03
- -  43   -2.255370e-02
- -  44   4.836283e-02
- -  45   7.124808e-03
- -  46   2.719928e-03
- -  47   3.606736e-02
- -  48   7.757640e-04
- -  49   -5.257555e-03
- -  50   1.187839e-05
- -  51   1.991133e-02
- -  52   1.903052e-02
- -  53   -1.506146e-02
- -  54   -5.745127e-03
- -  55   4.063578e-03
- -  56   -1.672585e-02
- -  57   7.230999e-03
- -  58   -3.102838e-04
- -  59   8.484971e-03
- -  60   2.287703e-02
- -  61   1.061768e-02
- -  62   5.464953e-02
- -  63   6.759052e-03
- -  64   1.487215e-02
- -  65   4.485854e-03
- -  66   1.481718e-02
- -  67   1.781011e-02
- -  68   -2.464011e-03
- -  69   6.097095e-03
- -  70   1.703901e-02
- -  71   -2.362181e-02
- -  72   1.036205e-02
- -  73   1.403093e-02
- -  74   -1.132055e-02
- -  75   1.588184e-04
- -  76   -6.116579e-03
- -  77   1.036196e-02
- -  78   -1.550518e-02
- -  79   1.730206e-02
- -  80   7.859694e-03
- -  81   1.793618e-02
- -  82   -1.193216e-02
- -  83   1.184240e-02
- -  84   -2.458638e-02
- -  85   9.313356e-03
- -  86   2.137624e-02
- -  87   2.885045e-02
- -  88   -3.516466e-04
- -  89   1.755035e-02
- -  90   2.636036e-02
- -  91   2.030573e-02
- -  92   -4.784003e-03
- -  93   2.567714e-03
- -  94   1.339172e-02
- -  95   1.536646e-02
- -  96   2.066142e-02
- -  97   1.062070e-02
- -  98   1.807753e-02
- -  99   2.063896e-02
- - 100   2.789305e-02
- - 101   3.350594e-02
- - 102   2.402505e-03
- - 103   1.411489e-02
- - 104   4.817237e-03
- - 105   -6.416100e-03
- - 106   1.918443e-02
- - 107   1.613859e-02
- - 108   1.928747e-02
- - 109   1.061195e-02
- - 110   4.023096e-03
- - 111   1.024991e-04
- - 112   2.071782e-03
- - 113   4.327381e-03
- - 114   -7.123853e-03
- - 115   1.043604e-02
- - 116   5.573404e-03
- - 117   -1.300689e-04
- - 118   1.661911e-02
- - 119   5.002969e-04
- - 120   -1.247860e-02
- - 121   -1.278033e-02
- - 122   2.698093e-02
- - 123   2.778948e-02
- - 124   1.943218e-02
- - 125   1.323812e-03
- - 126   6.224696e-03
- - 127   1.733654e-02
- - 128   -2.063815e-02
- - 129   -5.322431e-03
- - 130   2.638817e-02
- - 131   -1.338070e-02
- - 132   -1.723377e-02
- - 133   7.706197e-03
- - 134   2.114379e-03
- - 135   1.587984e-02
- - 136   3.852776e-02
- - 137   1.529472e-02
- - 138   -3.890484e-03
- - 139   -1.500217e-02
- - 140   2.368468e-03
- - 141   1.922363e-04
- - 142   2.049946e-02
- - 143   1.220421e-02
- - 144   1.017964e-02
- - 145   1.593818e-02
- - 146   -1.857901e-02
- - 147   -7.219286e-04
- - 148   8.918233e-03
- - 149   -5.477661e-03
- - 150   -1.739384e-02
- - 151   1.255295e-02
- - 152   4.818141e-03
- - 153   2.922309e-03
- - 154   6.304074e-02
- - 155   2.895482e-02
- - 156   2.164525e-02
- - 157   1.461444e-02
- - 158   -1.144411e-02
- - 159   4.733871e-03
- - 160   5.831318e-03
- - 161   1.503524e-02
- - 162   2.472880e-03
- - 163   1.510507e-02
- - 164   2.567138e-02
- - 165   1.791490e-02
- - 166   1.635629e-02
- - 167   7.745928e-03
- - 168   1.514524e-02
- - 169   1.110342e-02
- - 170   2.082956e-02
- - 171   1.118211e-02
- - 172   -1.195466e-03
- - 173   3.960242e-04
- - 174   1.532814e-02
- - 175   5.536934e-03
- - 176   -3.560144e-03
- - 177   4.489747e-03
- - 178   2.256114e-03
- - 179   -2.419374e-02
- - 180   5.189438e-03
- - 181   2.194375e-03
- - 182   1.198365e-02
- - 183   2.017173e-02
- - 184   6.146349e-03
- - 185   -1.721123e-02
- - 186   -1.694306e-02
- - 187   -7.315439e-03
- - 188   3.312776e-02
- - 189   1.442395e-02
- - 190   1.220421e-02
- - 191   7.536261e-03
- - 192   -2.194339e-02
- - 193   5.977591e-03
- - 194   -5.241682e-03
- - 195   -1.075421e-02
- - 196   -4.979467e-03
- - 197   1.236012e-02
- - 198   3.348493e-02
- - 199   4.114619e-03
- - 200   -4.290172e-03
- - 201   -1.674281e-04
- - 202   -1.248994e-02
- - 203   8.104386e-03
- - 204   3.998216e-02
- - 205   6.528554e-03
- - 206   -1.308573e-04
- - 207   9.551453e-03
- - 208   -1.816907e-02
- - 209   3.231015e-03
- - 210   1.377273e-02
- - 211   2.176633e-03
- - 212   -1.795205e-02
- - 213   -5.436802e-03
- - 214   7.248178e-03
- - 215   9.648685e-03
- - 216   -3.773506e-03
- - 217   4.091966e-03
- - 218   -8.938270e-03
- - 219   -1.727505e-02
- - 220   -4.486043e-03
- - 221   9.189094e-03
- - 222   -1.828340e-02
- - 223   -1.451189e-02
- - 224   -9.236483e-03
- - 225   1.161777e-02
- - 226   2.701304e-03
- - 227   -6.045777e-04
- - 228   -9.282352e-03
- - 229   2.492938e-02
- - 230   8.540618e-03
- - 231   9.157231e-03
- - 232   1.640337e-02
- - 233   8.864022e-03
- - 234   -9.489957e-03
- - 235   -2.507598e-03
- - 236   -1.067611e-02
- - 237   1.457943e-02
- - 238   -8.028120e-03
- - 239   1.780029e-02
- - 240   4.590310e-03
- - 241   -7.034875e-03
- - 242   4.452073e-03
- - 243   -2.131771e-03
- - 244   -5.558008e-03
- - 245   9.890362e-03
- - 246   2.168002e-03
- - 247   1.724482e-02
- - 248   -7.732828e-03
- - 249   -1.326758e-03
- - 250   1.102696e-02
- - 251   -7.009174e-04
- - 252   -8.497596e-03
- - 253   4.286000e-03
- - 254   -1.507889e-02
- - 255   -8.133736e-03
- - 256   -5.908871e-03
- - 257   4.249806e-03
- - 258   -2.897827e-03
- - 259   -1.012453e-02
- - 260   8.286520e-03
- - 261   -2.174476e-02
- - 262   -6.569753e-03
- - 263   -3.753893e-04
- - 264   -7.549811e-03
- - 265   9.923729e-04
- - 266   4.429850e-03
- - 267   -2.086505e-03
- - 268   -8.419869e-03
- - 269   -7.367835e-03
- - 270   -5.607771e-03
- - 271   -2.162461e-02
- - 272   1.845779e-04
- - 273   2.994783e-03
- - 274   2.779441e-03
- - 275   -2.063503e-03
- - 276   1.164747e-02
- - 277   -8.288185e-03
- - 278   -1.501162e-02
- - 279   2.652512e-03
- - 280   3.015423e-02
- - 281   -5.074875e-03
- - 282   -5.375394e-03
- - 283   -1.372240e-02
- - 284   8.564905e-03
- - 285   -1.412364e-03
- - 286   -1.375283e-02
- - 287   -2.001476e-02
- - 288   -7.494260e-03
- - 289   4.286175e-03
- - 290   -1.466792e-02
- - 291   -1.182910e-02
- - 292   -8.588695e-03
- - 293   -5.633097e-03
- - 294   -1.322974e-02
- - 295   -1.782579e-02
- - 296   6.694852e-03
- - 297   -5.209915e-03
- - 298   -1.135188e-02
- - 299   -1.050944e-03
- - 300   4.396742e-04
- - 301   -1.296837e-02
- - 302   -1.817554e-02
- - 303   -1.473346e-02
- - 304   9.149012e-03
- - 305   -7.823420e-03
- - 306   -1.091520e-03
- - 307   3.723021e-02
- - 308   -7.913273e-03
- - 309   -2.058763e-02
- - 310   -1.072746e-02
- - 311   -6.409439e-03
- - 312   2.212697e-03
- - 313   3.416487e-03
- - 314   -1.213705e-02
- - 315   -7.611811e-03
- - 316   -3.946309e-03
- - 317   7.303590e-03
- - 318   -1.106126e-02
- - 319   -8.447637e-03
- - 320   -2.533654e-02
- - 321   -2.852363e-02
- - 322   -4.929197e-03
- - 323   -1.400858e-02
- - 324   3.044043e-03
- - 325   -3.194582e-03
- - 326   -7.349149e-04
- - 327   -4.743174e-03
- - 328   -1.585825e-03
- - 329   -6.271533e-03
- - 330   3.059257e-03
- - 331   -1.697671e-02
- - 332   1.577662e-02
- - 333   -1.650666e-02
- - 334   -1.970245e-02
- - 335   -8.197344e-03
- - 336   -9.995197e-03
- - 337   -1.458248e-02
- - 338   -1.001286e-02
- - 339   -7.929271e-03
- - 340   -1.269470e-02
- - 341   -2.474381e-02
- - 342   -1.864164e-02
- - 343   1.411684e-03
- - 344   -1.077668e-02
- - 345   -4.515508e-03
- - 346   -1.413012e-02
- - 347   -7.547718e-03
- - 348   -1.466836e-02
- - 349   1.418116e-02
- - 350   2.139881e-03
- - 351   5.929309e-03
- - 352   -1.324410e-02
- - 353   1.380721e-03
- - 354   -7.569879e-03
- - 355   6.078977e-03
- - 356   -9.167423e-03
- - 357   -1.050968e-02
- - 358   -4.312014e-03
- - 359   -5.134484e-03
- - 360   -1.219144e-02
- - 361   -1.431498e-02
- - 362   -1.170103e-02
- - 363   -9.698209e-03
- - 364   -1.960962e-02
- - 365   -1.928648e-03
- - 366   -7.923618e-03
- - 367   1.743154e-03
- - 368   -2.014518e-02
- - 369   -1.959951e-02
- - 370   3.139888e-04
- - 371   6.446118e-03
- - 372   1.298225e-02
- - 373   -2.721157e-02
- - 374   1.538062e-03
- - 375   -1.969177e-02
- - 376   1.675596e-02
- - 377   -1.804968e-02
- - 378   -1.143282e-02
- - 379   -1.251433e-02
- - 380   -6.943977e-04
- - 381   -2.914518e-03
- - 382   1.297335e-03
- - 383   -2.741987e-02
- - 384   -1.289461e-02
- - 385   -4.231327e-03
- - 386   4.743145e-03
- - 387   -6.656415e-03
- - 388   -2.416086e-02
- - 389   -2.587525e-02
- - 390   4.518353e-03
- - 391   3.611767e-03
- - 392   -1.882659e-02
- - 393   -1.541017e-02
- - 394   -1.596205e-02
- - 395   2.002289e-02
- - 396   -1.726109e-02
- - 397   -1.278994e-02
- - 398   -6.491038e-03
- - 399   -1.086561e-02
- - 400   -2.830720e-02
- - 401   1.896488e-02
- - 402   1.196685e-03

